231
410
505
225
173
155
303
464
177
215
184
350
514
224
153
229
643
202
161
160
194
187
283
199
303
306
292
208
373
408
503
456
160
621
97
734
638
72
90
98
155
161
91
56
64
87
104
92
55
50
84
194
292
136
62
64
63
98
121
122
102
84
84
154
99
114
267
1275
183
185
206
154
182
106
228
301
406
188
1317
962
817
580
81
108
95
98
116
129
116
135
163
92
83
274
279
157
139
175
144
160
122
138
126
118
118
101
102
134
136
141
157
179
387
344
196
262
231
217
109
172
138
155
144
158
416
166
137
436
134
283
298
252
338
306
115
187
112
155
197
293
306
308
116
87
289
264
573
537
397
524
91
84
257
270
344
327
195
255
189
144
85
131
190
462
268
93
135
209
177
106
173
113
93
110
85
107
150
179
173
134
232
97
106
493
464
69
90
379
513
390
178
158
134
95
173
350
141
204
152
89
197
211
92
70
176
164
340
271
174
227
236
193
255
120
88
89
88
83
91
89
484
193
98
114
124
231
186
75
50
154
185
73
187
54
169
56
80
64
140
53
41
94
138
158
132
258
290
177
96
85
95
83
78
88
88
149
75
54
62
74
97
150
153
153
363
364
267
154
86
238
255
140
85
76
75
107
62
57
49
65
77
83
91
52
106
140
168
192
298
236
270
191
238
188
96
91
132
86
113
208
372
231
58
85
99
188
152
116
134
111
124
108
69
70
134
105
116
88
54
54
71
88
162
240
247
200
150
107
172
209
95
86
92
101
90
111
605
121
84
68
81
79
150
647
86
92
103
88
360
368
139
113
105
136
480
172
39
79
179
208
78
67
58
41
53
86
145
53
98
61
80
101
113
114
81
45
68
53
136
128
85
95
61
340
367
90
96
153
131
161
175
160
136
127
65
96
95
140
115
83
103
114
104
117
82
144
100
281
135
75
178
165
46
49
66
76
168
289
268
147
110
125
173
154
167
335
152
194
114
118
87
103
93
175
235
149
72
63
59
66
138
125
93
86
110
97
95
90
66
145
231
234
211
323
283
247
72
71
83
68
148
71
70
67
88
134
74
73
76
112
187
143
269
212
136
96
89
82
190
79
136
67
108
97
165
191
115
111
118
119
114
101
106
121
108
58
76
74
68
144
141
113
178
117
140
73
134
114
82
316
82
223
476
506
216
143
121
184
75
109
116
71
103
118
132
121
111
72
66
948
83
106
96
114
83
86
104
220
100
173
658
239
203
127
671
729
344
175
228
199
110
117
82
79
54
51
57
718
206
135
98
79
68
93
84
66
69
68
69
102
87
169
199
87
92
108
86
77
109
87
289
265
158
164
264
151
110
75
87
107
111
108
129
97
52
120
78
77
79
148
142
102
117
120
109
117
116
93
75
89
97
126
275
218
136
83
67
206
137
105
207
185
152
75
64
81
75
122
199
76
183
297
192
173
154
64
473
350
74
58
140
259
205
141
138
57
57
465
223
483
400
374
274
195
196
78
88
206
196
77
58
68
103
103
132
120
808
76
65
83
78
89
254
110
79
78
56
263
783
786
99
75
388
489
132
73
88
66
62
62
65
112
127
163
89
86
95
74
123
147
291
210
150
153
82
90
120
120
128
167
148
100
68
93
95
111
194
719
242
209
194
190
100
95
521
166
91
234
125
134
179
70
46
43
49
69
144
141
170
139
174
114
55
50
44
44
58
62
98
52
103
91
77
116
90
88
193
108
71
126
132
234
156
107
106
141
104
103
207
185
84
79
79
84
75
61
129
107
106
88
72
231
126
56
81
105
91
76
71
64
60
46
138
152
103
158
129
61
52
43
48
96
117
345
516
453
66
65
62
52
60
88
72
104
107
87
108
98
111
70
77
74
60
78
73
60
151
72
131
207
186
170
92
110
127
79
99
76
119
81
63
76
89
63
78
199
197
175
58
56
271
125
145
81
186
126
123
99
95
114
79
71
73
190
101
120
95
203
196
200
72
97
109
98
138
129
83
104
129
77
58
96
78
45
92
110
74
87
104
61
80
69
81
102
94
137
102
172
179
169
54
69
67
57
66
81
61
47
42
83
71
43
55
74
61
74
82
83
64
121
171
94
75
121
65
128
99
72
97
50
92
39
55
55
41
37
37
42
40
60
65
83
78
59
162
610
1089
1517
368
141
176
172
70
240
130
100
144
154
56
122
116
95
79
98
144
73
180
166
147
399
341
242
177
138
91
197
144
155
148
305
126
79
149
60
122
45
54
40
51
91
57
51
73
64
36
51
73
97
68
89
73
61
94
61
54
56
47
55
61
84
157
181
173
80
61
53
55
62
61
132
95
90
81
74
81
175
113
150
212
224
116
194
198
345
273
118
131
58
106
94
123
447
100
70
159
337
312
173
102
72
98
56
96
86
65
51
52
67
81
84
45
36
53
61
43
105
205
96
181
85
72
132
118
86
108
179
166
101
153
118
35
49
94
115
68
53
102
95
90
105
126
87
60
73
131
152
109
186
241
192
113
87
81
109
70
160
141
168
156
91
52
83
117
165
192
66
62
56
49
60
104
46
59
161
98
65
61
52
37
46
121
93
90
101
58
51
101
75
81
85
107
87
180
73
65
67
92
192
83
86
119
145
453
97
52
170
173
177
131
60
226
217
185
61
161
110
156
165
42
48
88
252
239
138
100
55
199
85
125
72
81
284
172
186
53
75
63
52
198
244
161
206
213
173
107
243
357
278
233
338
302
300
193
281
219
197
101
119
96
83
86
62
89
108
292
82
60
60
37
47
71
279
129
100
48
81
56
51
67
136
271
255
83
261
217
153
87
204
215
112
56
80
128
148
152
187
130
203
159
72
76
78
64
66
62
96
59
172
143
121
110
84
72
72
62
70
96
62
47
90
89
50
57
107
88
68
60
89
68
68
56
62
74
412
370
92
97
80
68
400
117
348
63
51
62
188
113
109
110
143
129
114
533
126
65
114
285
241
93
42
43
69
67
69
80
143
172
105
56
116
221
79
93
142
145
110
237
131
220
128
120
136
184
144
103
98
421
284
247
120
134
98
185
64
57
81
43
57
50
44
163
165
333
150
103
104
113
89
106
75
64
112
101
92
87
124
216
95
89
65
100
77
98
73
53
82
64
45
49
52
82
45
70
151
90
136
84
71
394
115
36
74
57
52
221
212
104
144
169
124
231
147
115
91
108
93
77
120
122
66
71
101
142
131
170
151
215
191
201
187
171
241
156
371
167
259
300
286
140
188
129
271
326
132
100
85
109
101
249
170
98
139
121
84
115
104
124
125
129
192
156
101
50
44
57
134
83
162
258
405
75
141
116
101
478
116
79
83
102
110
108
49
307
66
99
148
88
48
114
96
83
109
113
221
120
121
144
106
57
57
134
117
129
132
122
73
58
48
146
293
271
79
65
170
68
64
61
83
125
78
132
140
74
47
117
239
200
93
232
237
527
615
323
295
273
204
181
75
43
183
158
61
55
47
177
159
147
36
97
78
77
81
101
168
123
270
675
661
549
162
383
82
46
129
152
304
208
65
249
171
66
97
166
65
68
65
43
59
85
114
95
109
69
82
105
58
46
59
48
44
65
92
115
109
114
118
92
91
56
113
219
365
895
414
602
159
129
85
153
86
107
109
89
101
111
63
63
83
67
47
153
94
84
182
136
290
332
206
271
158
157
276
51
66
193
66
58
118
223
180
153
75
89
87
120
94
193
155
540
351
49
115
56
119
89
93
81
77
91
64
101
112
44
414
599
290
80
138
134
55
62
246
74
51
226
421
186
214
442
685
567
133
147
126
62
48
83
265
88
97
147
238
264
247
86
188
156
158
168
65
72
83
108
225
215
82
154
152
94
306
290
101
136
164
187
63
230
160
163
209
180
167
109
133
163
114
89
74
79
91
53
109
117
82
55
45
57
200
267
344
162
116
88
93
68
104
180
343
275
56
95
152
142
122
119
136
123
99
44
50
248
66
117
67
79
174
75
94
135
172
194
215
154
103
92
91
51
88
142
118
114
244
104
110
68
72
78
49
58
70
203
91
97
364
92
51
59
51
57
44
244
306
244
153
86
132
104
128
160
407
415
129
156
108
171
157
141
177
138
171
115
92
242
191
176
108
208
154
112
123
109
202
217
189
147
266
214
220
855
858
313
237
202
330
420
293
137
105
134
111
124
160
338
340
265
140
201
344
238
365
673
78
305
846
451
462
141
140
119
97
68
166
139
122
97
145
174
98
115
159
77
153
81
59
159
96
561
535
58
109
102
103
154
81
236
199
238
712
406
121
366
525
680
362
63
114
84
71
100
373
344
121
304
204
301
431
260
106
86
75
84
211
70
59
48
123
102
93
76
83
174
171
117
147
113
123
130
180
226
156
138
103
100
140
358
171
130
140
91
120
121
105
103
276
141
112
89
95
126
191
157
115
116
459
462
545
134
124
413
384
313
351
92
390
204
214
89
114
123
75
112
391
398
128
99
365
230
451
338
448
229
160
445
251
93
513
159
154
222
145
132
120
176
51
6104
5673
137
119
119
128
139
90
155
165
110
76
95
150
173
227
213
249
157
88
85
132
91
137
158
154
292
473
147
154
94
84
681
887
249
265
108
73
220
146
198
468
636
165
313
523
659
548
295
276
275
169
162
124
112
63
542
281
1216
135
138
66
452
429
495
3083
4220
641
959
2969
397
201
752
758
375
538
626
810
290
184
160
164
187
160
584
584
638
576
561
17
284
243
940
900
562
343
254
287
327
104
812
225
218
693
541
261
182
121
100
550
621
111
258
1202
664
661
0
0
27012
0
0
0
1176
0
0
43156
0
0
8433
0
0
10405
10757
0
0
6574
326
4777
9524
0
15513
323
800
7653
9372
6980
11452
20707
5214
4991
6008
6725
9823
10500
9354
5134
386
7885
554
7707
16635
19244
961
484
9201
0
0
6888
783
323
40414
0
0
4450
8761
8301
3009
323
328
2456
36993
7972
0
19563
0
0
8213
9265
8145
8624
7845
0
9102
3246
323
2135
4269
10237
31442
0
2656
11542
0
8980
675
157
360
470
288
333
435
524
445
482
224
115
247
290
360
159
537
383
158
445
525
331
197
226
399
531
564
237
408
373
274
249
533
648
893
577
271
605
402
321
153
253
527
547
387
148
157
498
330
687
566
563
207
195
204
399
471
138
114
148
508
567
492
630
403
393
576
453
446
543
300
243
291
321
122
168
244
600
241
452
455
362
300
266
217
701
2095
279
89
218
672
485
309
217
85
82
92
186
503
417
142
190
537
493
565
537
161
359
328
224
254
128
416
369
155
356
173
479
447
273
394
310
328
306
273
52
71
287
278
224
82
214
480
627
303
95
113
88
97
83
220
239
189
189
160
157
512
507
41
53
108
173
65
83
92
96
97
297
869
337
288
335
328
392
312
291
102
111
218
237
248
239
284
271
232
103
112
112
122
406
31177
3091
3855
590
4300
12750
415
410
651
548
517
130
367
330
323
323
399
529
355
371
377
323
541
404
431
454
365
400
416
417
1568
1782
1475
967
139
235
185
178
236
56
110
113
99
288
31640
17821
0
0
5006
1513
325
4132
6276
29208
0
6983
537
6847
9654
11353
6165
4834
0
1819
434
257
366
268
164
368
302
288
329
341
402
478
358
338
248
241
300
406
0
173
155
0
42995
0
0
0
0
2421
0
0
4116
0
9367
0
0
4155
4593
6565
0
28741
8867
7065
8759
6307
9556
0
0
9030
8483
9320
7193
5305
9860
9885
0
19512
0
0
8651
4106
9300
7919
0
7557
0
14021
7535
5689
322
1486
1659
0
1047
0
35908
339
3501
0
3540
0
4803
27455
0
3622
4636
6430
22466
0
6293
1490
4838
8043
3561
4639
5879
12848
0
9787
0
0
27306
0
11181
7169
9943
9173
7928
0
15247
0
0
1552
6431
4825
9674
0
10768
904
8921
0
0
10213
0
21793
6434
9966
7652
1158
9823
7762
6496
2018
5175
0
5923
6205
25516
0
10643
7448
8595
1131
0
572
10494
0
0
6283
9207
7221
8295
16927
742
7872
9623
4951
302
321
484
116
1447
5435
2285
4010
1090
1993
12339
1125
937
195
98
223
773
119
76
822
5343
1706
5166
1039
756
10577
3832
58
100
116
86
77
52
69
231
5684
2631
4078
1298
2624
10584
1874
27241
4216
5753
5021
3244
91
15550
3973
3878
499
13924
3809
11980
2661
241
99
140
133
2263
4530
2316
3524
1505
4244
10141
604
152
2150
2386
1072
112
159
397
2786
4294
4744
2526
1080
2998
12123
1823
97
106
165
1511
164
141
67
1765
4504
2589
4050
1614
3147
11496
1096
107
164
155
178
54
66
119
1939
4946
2009
4210
1031
1862
9718
4414
105
140
28214
