157
219
142
226
114
139
172
189
150
149
148
155
153
138
162
190
126
194
84
105
126
152
196
154
180
304
136
83
152
109
115
238
212
144
150
168
162
174
141
102
199
137
137
180
341
138
154
180
209
171
215
209
141
148
161
137
255
189
225
164
233
165
522
459
156
98
125
273
122
75
175
115
187
151
176
115
124
118
136
83
110
139
133
105
229
346
271
165
138
137
115
149
168
208
90
137
141
121
100
149
536
133
152
168
128
291
281
211
639
186
100
1169
290
262
289
215
209
101
231
183
178
225
133
144
91
155
196
283
202
169
151
148
122
375
268
163
208
108
121
139
70
148
147
228
183
190
283
208
213
504
325
186
151
247
146
175
186
190
187
186
164
341
169
284
217
190
368
195
135
117
102
135
242
271
202
290
113
165
158
133
299
199
171
175
159
184
130
211
151
233
146
114
107
152
116
114
211
124
72
136
119
50
118
125
102
129
124
147
131
119
188
174
153
206
142
140
362
189
124
155
303
332
133
146
173
173
87
86
158
130
384
161
85
261
177
77
139
122
109
215
202
142
220
131
360
126
126
86
144
116
107
122
147
153
108
112
139
217
166
166
117
73
52
139
116
96
114
136
110
191
79
126
98
70
249
162
161
96
88
241
144
116
135
127
141
133
124
139
166
105
139
118
104
131
226
132
145
122
169
188
127
131
118
108
143
131
131
101
112
95
124
129
448
118
151
139
152
99
224
152
160
215
75
68
83
167
134
123
128
124
120
159
195
208
145
85
159
126
145
116
135
98
115
132
131
90
161
143
138
162
120
114
94
131
121
146
135
98
103
193
167
166
133
110
176
146
143
109
121
283
106
98
95
114
147
289
133
117
142
107
163
161
129
83
97
101
104
147
71
0
0
0
0
0
0
0
0
0
0
0
0
0
0
0
0
0
770
1008
733
1236
915
350
9470
18720
14804
19288
10237
5600
5202
8900
1344
6976
6572
6950
10970
5713
9154
15356
10797
7457
11998
13702
8193
98
184
136
80
139
220
122
121
122
112
85
67
132
184
125
125
167
167
152
205
164
156
146
92
207
222
160
96
101
135
72
184
181
196
75
104
143
166
119
249
203
128
132
102
206
113
146
67
146
113
183
188
213
219
139
131
88
138
99
170
125
116
139
127
142
114
109
119
92
161
107
68
86
124
141
176
92
173
138
176
98
167
167
114
149
125
135
149
124
129
210
118
118
128
73
155
141
107
199
317
139
144
148
116
155
158
124
87
191
137
209
437
27
4687
3256
3619
1816
992
1906
1725
181
149
248
116
184
104
112
106
166
17
291
7016
814
4633
2783
75
58
67
98
172
174
94
115
95
469
187
134
92
154
165
116
162
64
336
1962
3278
3959
3687
2757
3353
4290
4767
3515
3175
3065
3907
1161
9
13
9
13
18
15
10
18
17
15
17
26
18
20
21
9
7
16
17
29
15
17
15
20
16
13
15
11
10
21
16
15
12
17
20
13
14
15
16
17
16
17
21
23
15
18
15
19
14
26
25
52
49
19
17
13
33
15
20
17
17
24
19
13
19
26
12
30
20
11
24
15
16
10
17
19
18
18
14
12
29
42
21
14
16
22
25
14
13
29
15
15
22
15
13
20
17
12
17
17
14
18
27
19
163
26
20
11
22
35
17
15
23
36
18
17
38
19
17
13
127
21
22
25
23
294
123
32
40
38
34
38
25
14
11
8
121
48
8
8
87
374
8947
6865
804
146
23
28
31
33
30
45
46
37
37
28
36
35
41
39
32
100
41
41
458
469
456
438
285
303
395
309
354
341
4271
14161
18392
21087
8169
5659
5789
4498
3145
4840
5981
3594
3078
116
116
133
133
77
136
136
138
133
83
121
287
151
120
142
164
135
128
91
70
99
133
113
244
214
124
695
2777
1949
114
136
116
137
91
99
132
107
112
101
104
56
92
161
152
127
111
382
211
162
359
135
189
418
303
711
332
462
164
306
724
1126
486
167
165
93
73
343
558
389
143
474
507
260
71
94
81
104
106
46
12
3362
5397
668
50
37
74
59
71
78
141
101
89
179
111
147
154
83
206
167
101
168
228
136
93
125
103
98
94
186
160
173
127
165
746
1209
1709
1901
82
132
125
102
102
112
122
120
86
149
158
89
1178
268
85
96
113
111
118
248
144
95
234
66
94
87
126
88
94
130
141
113
112
81
114
86
88
70
53
86
111
83
96
101
94
138
137
94
74
103
104
132
108
80
106
78
106
98
76
87
59
60
89
73
92
140
131
144
84
555
973
419
75
173
153
110
140
95
173
180
185
224
402
131
49
336
190
150
149
164
162
162
129
304
202
154
149
200
544
270
138
194
459
162
228
175
102
99
172
113
110
70
106
88
70
100
95
140
123
104
103
88
96
103
72
145
129
75
49
115
89
132
104
156
101
75
78
85
100
186
151
150
185
110
71
91
114
134
91
75
52
114
49
144
104
91
64
155
119
90
156
116
154
161
210
99
144
241
125
61
121
76
87
111
133
160
122
109
50
80
56
107
81
67
70
91
118
489
6024
62
68
83
82
121
152
136
116
146
54
150
143
117
136
165
125
121
112
140
78
107
115
268
165
67
133
136
104
158
195
151
86
148
87
250
205
145
293
133
83
181
121
130
130
159
133
129
140
100
85
101
127
181
322
125
131
129
69
93
84
86
88
54
141
77
64
63
75
77
63
83
133
142
161
61
176
125
58
84
80
113
132
265
108
129
120
127
120
123
104
99
123
70
69
112
370
131
112
111
97
219
111
37
133
361
112
157
134
89
201
167
204
173
90
253
112
138
144
118
52
69
212
111
90
103
98
98
94
150
90
104
127
146
91
181
354
508
117
195
126
155
168
95
134
129
100
100
144
157
116
175
149
124
104
72
96
137
124
99
75
99
191
125
96
88
73
52
65
81
203
151
146
149
321
136
110
67
128
90
83
82
368
280
112
164
112
221
220
121
135
104
110
95
101
87
88
101
122
53
99
108
99
76
99
86
86
105
125
131
92
96
77
73
89
113
98
121
90
73
99
167
167
425
472
197
133
110
99
130
529
115
258
99
89
151
156
109
104
141
102
179
286
218
100
97
96
170
88
123
116
91
111
90
92
109
160
273
73
40
121
120
131
165
154
100
140
293
237
160
129
132
205
157
173
105
387
318
280
127
219
172
113
83
265
1020
2309
92
108
77
99
129
80
118
111
116
128
115
115
100
115
216
218
192
89
150
182
149
139
124
230
69
86
96
125
113
274
156
166
333
228
244
296
355
269
157
88
105
86
54
62
87
106
97
116
426
126
191
172
106
140
151
102
140
98
70
118
101
129
113
90
101
113
103
66
112
149
194
113
72
92
149
110
231
138
117
167
179
131
166
100
108
90
150
108
105
102
153
182
155
120
35
44
94
157
156
128
176
86
155
75
80
109
100
96
117
120
124
83
78
99
152
135
89
88
126
111
94
130
127
172
96
119
103
101
186
97
61
102
156
90
102
133
171
93
104
188
96
89
109
224
210
216
142
66
121
91
123
193
176
175
199
76
88
89
55
77
104
139
151
98
171
137
87
106
141
143
201
108
181
151
658
390
292
214
154
84
101
68
223
179
107
105
126
172
204
125
112
58
103
102
87
191
172
83
309
1224
363
188
126
423
186
95
181
43
31
379
212
694
6212
1354
863
314
76
2589
1243
940
540
572
570
629
2196
2214
758
78
133
86
119
348
587
605
143
1120
488
482
211
192
188
697
331
204
72
123
854
463
324
210
159
213
281
158
128
126
147
101
130
75
79
95
192
170
138
171
123
91
141
222
174
115
236
189
349
325
114
84
116
88
110
92
154
86
95
278
160
119
104
172
148
111
133
128
156
136
575
247
132
1796
116
106
75
92
143
181
104
109
114
153
121
522
641
281
97
149
88
136
118
161
149
101
314
157
205
142
571
493
124
157
132
113
114
115
202
130
397
85
125
239
211
157
124
132
153
155
190
117
118
117
189
150
130
134
419
176
110
230
119
117
568
189
129
53
40
82
93
90
121
105
64
91
69
90
62
66
66
87
67
91
56
62
74
75
73
121
127
197
216
162
112
108
134
101
79
217
122
119
69
71
145
143
125
136
133
173
104
162
108
187
124
101
183
221
166
92
197
192
179
140
154
115
123
168
103
126
201
233
202
266
90
105
120
131
94
93
158
147
163
130
146
150
140
126
133
121
95
124
475
163
118
128
148
210
107
89
239
378
207
53
207
230
198
118
150
162
254
287
117
329
356
281
203
212
174
108
183
172
157
399
190
331
169
162
444
183
213
230
430
132
785
484
126
130
159
194
124
150
155
578
723
216
114
152
331
529
218
212
140
123
160
229
125
153
208
193
113
96
123
137
42
127
116
191
211
181
429
403
157
176
109
138
277
155
182
96
123
149
123
154
109
127
265
146
252
155
186
116
214
262
513
102
159
182
149
216
179
436
268
201
149
122
244
311
224
1284
87
108
24
66
56
307
272
142
331
645
453
267
309
268
233
399
645
406
103
303
156
123
161
176
141
126
115
222
154
1841
434
122
151
261
291
220
218
158
161
213
285
368
143
137
178
183
152
326
203
154
231
189
124
184
193
222
262
161
113
157
136
121
137
145
125
305
151
180
141
173
161
239
134
159
140
80
117
317
134
216
127
106
144
170
139
101
120
214
156
159
189
111
106
162
193
246
131
133
1124
3596
653
6539
272
96
78
91
88
71
86
309
137
200
174
199
124
71
64
163
236
349
178
165
140
206
161
145
205
279
154
118
292
365
298
98
135
140
114
146
248
152
128
125
651
319
92
124
143
103
137
197
130
261
605
283
147
200
139
129
250
776
255
210
1003
310
107
134
115
211
219
230
354
215
588
1034
159
153
197
1062
196
873
191
280
396
241
141
92
174
151
86
423
520
164
139
116
135
641
756
2535
1590
2500
3120
3243
250
174
120
104
122
66
173
480
1269
189
310
769
115
226
823
570
160
628
231
239
307
285
114
127
179
113
122
112
308
239
194
154
98
112
137
121
139
168
204
549
160
142
102
117
154
132
118
147
251
150
131
197
125
210
175
160
89
129
137
128
167
271
185
166
142
112
129
154
172
151
251
300
160
214
141
217
289
208
403
665
361
365
168
181
171
209
221
217
331
301
490
308
219
230
269
185
118
292
217
260
301
669
336
225
198
206
167
264
334
232
164
222
214
189
160
148
108
85
319
236
206
305
240
213
286
298
497
425
237
183
328
335
487
261
182
425
337
297
301
209
1083
864
216
364
265
359
138
156
435
467
767
230
958
267
159
258
642
796
173
249
300
376
182
237
201
431
371
212
167
127
324
546
232
771
532
145
292
189
147
161
157
121
62
197
828
702
290
293
148
313
213
192
228
319
341
117
176
321
157
142
383
187
175
272
222
161
177
190
208
1092
1088
111
120
320
257
237
141
105
143
113
133
560
940
218
130
142
227
297
167
139
118
154
245
306
208
178
337
163
104
223
222
285
186
126
256
430
314
93
128
111
156
332
202
103
148
372
606
619
116
84
137
241
148
165
304
144
169
154
88
178
206
102
97
173
140
133
153
138
149
112
147
531
205
228
136
225
204
315
174
153
107
283
273
167
176
128
397
185
233
69
144
183
143
397
242
357
188
108
138
146
106
179
133
134
262
261
277
180
148
125
172
101
78
110
181
84
97
108
111
184
211
168
141
90
85
102
129
96
195
194
125
198
110
178
149
111
102
110
89
169
185
165
376
233
144
169
323
200
318
271
64
98
124
115
210
231
211
135
135
180
185
124
257
189
138
236
111
151
130
192
114
124
119
175
174
162
140
143
220
100
183
96
111
112
181
139
97
116
162
166
166
91
128
176
139
128
250
117
169
97
129
99
137
151
364
218
128
182
129
153
67
136
126
154
195
239
370
266
153
335
136
122
241
295
121
123
152
137
569
211
146
133
174
162
232
166
149
156
165
154
104
138
145
397
222
234
216
133
245
123
160
169
182
178
165
153
112
92
114
135
145
165
149
118
139
131
175
162
122
109
107
43
163
150
137
88
108
276
162
156
143
138
131
136
171
118
155
167
119
184
1232
180
133
153
132
159
160
157
128
147
154
83
165
118
127
134
162
153
107
158
137
112
147
141
138
191
178
229
252
193
167
177
145
179
123
144
96
170
162
128
103
74
59
138
130
175
146
128
182
106
103
136
111
146
110
137
129
113
110
135
162
120
127
147
126
157
102
100
107
175
180
107
149
105
208
185
158
168
112
137
202
108
107
153
96
104
126
154
111
111
119
114
67
113
146
143
244
131
136
160
665
145
114
100
160
200
183
98
173
195
191
169
105
144
148
160
157
144
202
129
581
120
105
106
76
180
94
138
134
121
159
119
127
110
138
87
167
122
111
137
139
409
459
148
434
360
250
137
155
145
97
119
121
193
151
160
130
122
147
151
129
106
141
89
95
99
112
121
143
169
234
156
304
470
339
115
184
175
155
237
150
93
194
256
244
157
131
81
140
208
216
208
106
161
200
136
192
133
240
166
156
162
175
150
169
216
153
152
160
156
147
193
184
208
184
165
366
166
157
189
309
82
158
