48
84
54
68
46
38
50
51
42
44
45
52
50
40
55
51
28
53
55
61
54
45
65
53
66
66
60
41
33
35
47
60
2805
46
56
50
41
45
39
50
54
53
51
50
68
34
35
70
61
72
96
65
47
28
41
51
49
53
57
66
76
66
53
35
37
35
45
39
33
32
37
38
42
65
36
34
33
35
39
46
38
37
40
80
103
55
54
38
33
53
45
56
29
31
31
37
42
39
81
141
60
77
70
103
69
46
77
191
539
41
560
163
95
63
56
47
53
46
80
84
58
50
44
40
48
82
70
64
46
47
76
65
68
51
50
49
46
56
45
50
55
59
73
115
94
108
112
82
72
81
85
79
63
63
2078
6223
931
54
90
313
7648
3635
64
81
58
46
53
43
75
86
79
40
47
44
50
39
41
176
104
104
36
36
38
48
78
48
60
41
42
34
40
53
76
45
40
43
40
42
39
45
36
87
36
27
46
35
62
71
53
42
44
47
164
94
71
44
82
78
72
48
52
45
41
75
98
73
40
43
46
61
36
46
28
39
44
88
58
64
104
79
51
74
47
34
39
32
33
50
44
52
49
26
61
70
44
36
27
38
49
29
37
37
38
33
37
34
34
33
21
38
41
47
34
53
43
63
53
49
62
66
50
47
60
68
45
34
35
39
92
42
37
41
65
61
42
40
43
40
38
43
37
33
32
42
35
36
69
39
42
44
44
41
54
60
56
71
53
44
47
54
41
42
40
29
35
51
75
66
26
27
36
46
59
53
35
36
38
36
41
32
56
51
55
44
31
24
31
38
39
43
36
33
51
45
61
58
44
50
54
48
41
56
64
46
25
26
29
36
63
38
37
43
57
61
64
39
45
41
48
99
36
35
34
34
40
28
24
30
30
39
40
32
42
39
42
62
44
33
26
32
28
35
30
34
31
32
22
98
76
31
30
34
41
46
42
26
29
30
30
45
41
51
30
36
36
46
36
31
51
38
49
36
33
38
29
32
28
38
36
51
40
50
38
43
37
43
37
37
78
38
41
27
41
30
45
55
50
31
23
33
31
46
45
36
33
43
47
49
39
36
37
54
36
68
86
77
49
31
33
43
40
32
69
46
50
45
39
39
40
29
29
36
52
41
37
49
32
54
37
33
36
32
31
44
32
41
31
37
43
42
35
50
43
42
41
43
26
54
34
36
51
41
51
42
47
41
46
48
30
42
57
43
43
126
96
46
35
37
43
46
37
34
37
37
37
48
40
31
39
220
165
56
49
35
35
34
31
52
23
31
153
62
45
44
178
229
178
55
65
59
44
79
46
33
29
41
330
48
50
40
48
32
39
33
41
42
29
36
36
32
53
47
37
30
40
43
44
41
43
58
35
32
32
30
37
38
40
40
48
44
54
31
37
33
33
34
34
49
46
39
37
40
45
44
34
41
38
32
26
40
54
39
41
40
34
41
40
60
63
40
41
38
32
32
49
43
45
38
38
50
28
48
30
57
45
43
45
47
48
63
56
43
35
34
73
88
61
106
59
29
42
41
41
61
59
46
28
31
36
42
38
42
276
31
32
39
29
37
57
51
230
42
32
100
41
34
35
34
38
43
51
25
36
35
26
33
42
38
44
59
47
44
40
35
27
99
44
45
47
38
40
47
52
29
40
48
44
34
32
52
60
46
99
98
39
32
42
43
34
53
35
37
40
60
55
36
38
31
28
62
32
45
43
38
43
29
29
23
26
29
23
28
37
29
55
48
39
35
42
45
36
40
33
43
43
41
31
41
37
34
24
55
78
33
30
38
30
37
43
47
29
30
29
38
36
26
25
27
38
30
35
31
33
36
42
29
34
35
30
26
25
24
33
28
48
40
33
64
49
40
41
33
36
40
40
43
41
42
44
41
45
52
43
41
35
26
28
46
51
38
50
61
50
43
29
41
313
29
74
43
56
39
307
68
27
33
37
34
39
41
53
59
60
41
36
68
47
39
47
49
46
34
40
38
49
39
48
42
44
44
60
43
44
43
35
28
39
32
33
24
37
40
38
28
45
31
29
29
27
31
34
33
37
37
35
45
44
37
29
24
22
39
27
22
34
36
27
30
48
37
32
30
27
26
34
38
31
26
39
36
28
36
33
45
45
28
38
34
30
26
26
25
20
42
25
25
29
29
48
27
44
33
76
76
37
31
68
30
35
33
44
36
54
50
52
50
43
44
47
39
52
50
43
47
47
56
47
36
43
47
97
45
68
53
51
70
52
40
37
48
66
42
40
36
35
28
29
27
31
42
36
25
31
24
22
30
34
29
30
34
30
37
45
31
33
30
22
29
30
50
64
54
45
41
32
28
34
29
34
36
28
32
39
38
37
54
48
64
57
49
41
41
37
36
37
43
28
61
58
32
70
59
46
57
61
45
46
32
30
35
29
37
39
27
23
30
32
41
24
24
21
27
26
23
71
26
43
41
52
50
32
46
23
48
57
47
41
38
28
27
33
70
38
39
62
36
36
49
45
35
41
35
54
58
56
60
48
44
48
51
38
41
35
28
42
33
38
25
31
45
35
44
33
27
38
30
33
33
26
29
40
34
44
34
39
27
24
23
50
39
34
30
31
37
32
44
35
31
28
60
44
49
44
45
50
60
27
40
44
50
36
36
47
49
65
49
56
53
42
47
62
55
52
69
30
31
38
80
66
51
45
35
45
73
64
44
60
62
77
52
33
38
27
23
76
33
47
47
42
50
46
54
72
88
122
69
47
45
52
41
49
37
36
38
27
36
53
45
37
42
33
24
43
32
29
21
85
46
38
27
20
24
26
24
43
74
71
37
81
38
48
55
74
43
30
27
81
77
42
80
38
47
82
46
34
26
27
25
28
23
18
31
46
37
37
28
34
29
31
28
34
37
26
33
26
22
23
27
23
22
29
26
22
30
36
44
92
118
54
50
32
30
45
111
36
87
35
34
69
47
28
41
46
85
33
378
99
32
26
41
65
25
23
32
26
29
30
31
43
55
41
75
240
39
49
34
46
35
54
301
44
49
38
190
52
37
59
162
124
72
50
49
50
44
46
32
33
31
32
31
31
39
49
57
42
40
34
62
48
54
43
31
56
50
43
39
46
39
40
36
34
42
37
36
25
23
24
31
32
31
40
39
21
29
34
35
37
24
47
25
17
23
27
30
38
57
46
48
60
73
54
57
41
41
36
38
36
43
33
33
34
38
32
29
37
43
57
49
32
34
48
40
59
639
33
51
42
75
57
40
41
43
44
39
36
30
42
54
48
51
41
40
38
50
36
44
56
42
57
46
36
37
28
29
28
34
47
39
36
35
43
38
32
41
49
45
49
40
39
41
31
33
41
48
36
30
51
45
33
41
43
53
39
52
45
29
27
33
39
42
57
43
34
30
26
33
35
41
47
49
44
45
36
34
29
34
24
40
50
53
37
32
44
116
50
43
58
133
129
61
39
40
35
42
36
35
37
30
36
35
49
41
26
31
27
30
20
34
26
40
47
152
142
149
51
60
75
26
35
45
57
96
50
36
79
38
39
35
60
29
36
26
34
30
43
23
27
34
38
36
29
28
29
26
26
27
33
36
49
52
40
37
33
28
22
30
20
30
134
85
117
65
49
92
102
53
58
45
42
36
54
32
45
37
55
42
45
50
26
51
46
54
57
27
46
80
87
62
61
63
39
35
37
51
30
26
56
56
49
41
27
37
43
56
40
41
53
129
91
35
42
46
32
34
25
28
22
24
28
44
46
44
101
150
48
44
36
26
33
36
76
33
65
62
81
45
62
50
51
37
43
42
33
27
50
42
40
55
63
82
40
43
39
48
41
45
50
38
36
47
37
52
53
62
62
47
35
72
41
86
74
48
46
41
44
38
34
50
50
35
31
41
59
32
50
31
45
30
44
40
28
34
39
38
53
45
84
70
56
48
44
44
40
32
66
44
47
48
42
36
41
50
42
36
28
27
48
35
38
40
42
53
45
37
70
56
50
53
49
28
32
41
33
39
55
48
49
63
30
36
38
43
32
25
34
41
45
37
51
50
43
32
34
36
36
47
84
73
67
58
50
40
48
36
74
102
85
45
59
81
47
39
68
55
78
51
42
88
57
69
46
51
62
55
39
47
51
52
52
51
45
62
51
63
63
73
62
699
245
52
43
58
47
43
53
35
119
94
63
47
52
87
77
80
50
47
46
52
146
116
49
51
48
37
42
38
43
41
35
57
49
50
378
307
38
48
32
52
62
48
41
20
45
33
47
37
46
55
70
76
39
45
34
43
83
82
37
61
42
52
37
56
69
65
55
58
38
49
70
51
53
44
46
49
36
26
30
23
36
27
33
39
40
90
59
44
40
44
41
40
48
55
78
74
84
54
39
77
55
51
43
25
34
46
65
89
60
51
37
41
41
60
42
47
39
91
51
48
40
31
60
82
95
66
50
56
96
54
59
40
45
48
43
41
37
55
52
48
51
46
75
69
44
46
55
40
50
53
34
49
40
39
35
44
36
42
152
56
63
53
46
44
38
64
65
43
30
38
49
44
41
45
50
39
35
34
42
41
64
40
68
71
66
37
43
33
37
76
97
58
49
37
61
41
61
46
82
45
76
122
142
91
59
70
63
48
69
47
45
47
158
83
42
51
51
32
31
38
45
101
223
82
74
60
44
48
54
85
75
111
103
72
53
48
54
52
58
67
66
61
106
101
57
55
64
66
133
63
70
52
69
66
47
50
65
55
91
140
66
60
53
48
39
39
62
58
79
93
77
48
43
42
49
33
47
59
113
63
88
90
50
79
83
79
58
83
57
69
101
92
109
59
49
21
29
62
51
44
41
41
36
29
40
44
58
49
52
29
37
27
30
33
43
32
68
61
49
63
34
51
56
46
45
45
38
30
47
63
46
50
42
39
29
35
55
51
51
94
62
54
51
58
95
83
87
127
79
59
52
45
47
57
82
29
99
97
104
69
50
62
49
290
65
47
44
69
97
120
105
58
68
50
71
58
51
35
47
44
35
42
65
48
33
60
58
43
85
74
120
85
74
186
114
54
39
54
104
111
61
60
122
110
86
73
194
114
78
106
164
132
50
51
144
118
102
59
75
113
60
99
91
96
110
84
98
84
66
66
59
68
57
132
80
45
165
70
115
155
111
55
92
107
52
87
78
40
42
143
140
120
121
121
134
77
113
132
115
66
46
131
54
66
39
104
89
69
116
62
57
101
63
55
170
92
47
50
143
97
64
65
42
81
45
61
163
79
78
54
64
216
102
49
53
45
76
108
34
130
80
48
76
42
142
96
49
65
59
131
70
77
34
65
126
80
92
39
77
106
163
47
33
42
43
42
49
55
64
57
47
33
46
51
29
33
46
31
44
41
48
47
38
68
68
78
69
63
70
120
69
61
53
61
68
61
66
65
75
67
61
44
65
95
93
91
129
73
59
25
35
38
43
42
54
48
63
43
58
55
34
40
28
24
34
62
37
34
30
29
52
43
67
73
33
36
26
32
25
61
51
34
56
45
67
49
43
26
34
37
49
45
55
135
83
38
64
296
37
140
322
112
40
34
45
72
78
35
43
47
49
58
59
76
38
48
57
40
36
47
59
64
57
43
36
45
39
40
42
28
85
31
36
47
36
42
42
42
65
53
52
43
44
50
42
64
81
54
52
42
36
41
35
33
49
36
41
34
48
32
53
35
28
47
97
60
61
60
81
72
50
69
76
69
22
37
36
38
107
56
49
66
46
43
42
35
46
41
29
35
41
41
77
57
50
51
32
41
53
40
38
66
46
47
29
32
39
36
39
40
44
50
56
41
35
37
38
37
40
57
89
72
46
41
35
61
49
33
42
83
48
57
59
44
34
33
38
71
221
50
50
42
36
35
41
34
36
40
47
31
49
46
50
37
65
50
25
60
49
47
40
63
56
809
487
23
21
29
6169
3251
32
31
51
38
35
29
38
26
56
33
108
50
56
4942
5655
5293
3625
1153
61
56
39
45
37
39
29
30
48
41
36
48
35
55
83
43
40
39
37
42
60
65
45
67
42
60
36
45
45
36
35
40
33
32
35
42
36
29
39
37
28
29
32
32
41
36
71
44
39
64
60
53
63
60
42
45
61
65
65
30
36
48
47
47
43
44
40
85
61
37
28
26
37
31
39
37
38
33
36
33
32
34
30
34
37
27
33
32
253
623
42
747
183
35
26
40
32
35
30
36
32
40
41
41
55
34
34
39
40
46
37
37
33
36
38
50
60
40
174
224
179
57
40
42
51
61
41
35
62
53
54
50
58
37
34
48
50
41
49
53
54
61
39
30
41
59
43
32
46
51
43
32
35
29
43
29
46
39
44
41
50
149
44
32
41
49
