109
127
138
179
108
104
155
113
117
101
178
83
81
89
109
91
82
128
170
106
111
93
222
140
107
156
86
68
120
83
73
131
147
86
107
106
135
91
106
121
94
132
101
122
259
131
128
140
195
159
1062
402
126
119
87
103
161
136
157
170
223
114
121
103
83
63
93
87
84
55
104
67
110
135
125
109
98
105
122
109
90
155
107
81
161
398
117
129
104
80
98
94
124
113
92
76
90
133
84
87
129
142
138
186
104
399
125
116
372
334
86
136
1964
689
381
270
129
217
523
145
182
313
147
115
72
105
130
271
187
174
141
111
158
304
116
113
122
100
115
102
123
133
120
162
155
172
258
126
426
263
175
126
179
137
111
146
113
220
109
117
186
450
131
253
148
162
288
137
88
143
70
90
191
201
108
99
87
165
91
97
354
109
236
66
93
96
1255
383
154
88
116
113
91
121
128
77
145
135
68
105
137
111
97
92
103
84
111
97
145
73
123
124
107
175
107
79
106
75
112
112
170
154
128
96
134
116
74
101
183
93
139
113
87
116
86
79
89
98
87
255
251
242
152
129
148
88
102
69
140
83
92
82
129
82
92
87
73
160
111
110
73
65
135
87
75
78
83
204
75
76
80
72
77
72
99
129
128
96
105
125
148
94
124
82
120
117
105
79
173
84
85
101
71
78
163
96
90
191
294
90
217
62
130
135
105
92
83
85
110
84
70
81
373
74
84
59
102
92
123
122
120
155
147
228
81
104
189
86
94
126
72
91
149
182
138
62
98
107
99
189
126
86
69
129
79
97
101
113
112
106
91
69
96
94
100
91
95
120
75
118
130
145
111
147
93
73
101
95
106
107
103
66
59
61
60
110
317
113
72
150
169
144
157
119
134
86
111
185
71
61
83
104
84
78
73
67
72
97
65
117
68
100
176
84
92
159
150
93
57
72
83
63
72
97
78
67
729
1327
54
69
93
121
100
106
89
77
105
67
98
92
100
111
104
86
97
114
91
72
138
94
88
94
72
96
99
73
81
86
73
111
117
75
119
113
82
87
105
156
291
178
144
94
99
116
75
154
92
124
63
64
105
104
76
129
87
76
104
118
110
85
91
74
90
84
117
132
232
153
104
81
77
76
61
128
78
118
77
113
79
79
211
130
95
66
129
80
97
92
94
123
86
93
110
85
83
89
69
135
105
101
118
80
86
116
159
131
159
204
104
120
69
98
140
162
134
78
97
120
99
74
94
64
124
94
96
120
1906
301
95
96
95
97
113
99
87
86
90
80
138
89
93
79
9586
1474
115
86
78
84
98
135
213
596
96
1321
864
376
347
303
114
202
665
172
264
103
134
89
165
123
84
65
121
878
185
104
77
91
116
108
101
136
100
68
101
84
132
130
106
82
82
108
99
125
121
154
123
86
81
70
71
104
85
82
149
106
119
122
108
103
64
130
81
112
215
102
106
184
110
100
111
114
79
110
88
91
79
96
92
117
83
113
97
213
122
102
164
181
97
86
58
86
85
120
88
96
107
175
144
71
156
170
189
90
101
142
111
123
171
118
76
91
148
114
110
130
223
131
116
114
78
87
111
117
93
108
90
91
125
97
85
322
106
187
161
84
78
184
132
74
89
90
100
98
106
122
119
95
111
74
72
89
101
85
78
91
86
99
117
127
82
222
155
66
123
94
114
83
127
116
69
105
107
155
122
181
99
120
104
59
95
82
137
298
126
93
85
84
79
109
291
96
270
214
104
117
123
77
76
72
65
124
78
87
85
110
113
56
234
77
66
67
73
126
142
70
138
104
114
116
122
112
97
97
109
92
103
94
73
95
96
135
82
75
234
107
123
78
114
90
102
120
86
80
80
69
91
80
86
73
93
91
97
97
104
98
93
74
104
105
98
111
65
63
52
101
74
97
92
70
75
141
96
111
80
79
224
88
115
124
93
93
140
214
174
218
101
76
84
87
61
125
106
82
116
101
158
99
100
76
78
92
67
114
123
91
90
90
115
79
61
88
66
140
76
113
137
106
114
70
82
127
121
91
114
136
72
86
97
84
156
113
125
149
116
113
155
95
111
95
85
64
106
100
100
75
99
100
72
79
108
126
67
81
74
102
62
93
79
89
550
154
82
159
89
78
61
104
68
98
108
80
60
80
73
104
93
48
70
65
60
100
63
75
100
99
78
81
65
79
200
164
107
91
84
66
77
92
74
70
50
63
59
54
64
61
102
85
116
88
333
628
96
69
96
196
122
93
109
151
156
137
132
169
112
176
143
116
115
138
96
139
99
118
195
89
171
134
150
1627
424
180
145
128
135
190
124
74
111
173
101
173
86
75
93
57
94
87
114
92
79
81
72
72
90
77
128
109
71
80
124
97
102
67
107
82
73
82
77
130
150
138
103
86
73
79
62
96
91
116
110
75
102
85
115
143
124
108
123
84
134
101
108
151
123
91
116
96
197
110
100
123
88
65
111
135
117
110
91
70
82
48
71
91
82
52
50
74
121
63
78
69
69
61
58
209
67
63
125
71
120
81
95
120
74
320
168
82
113
94
56
90
210
124
91
91
117
74
129
157
124
73
94
82
164
163
127
174
117
81
100
78
90
80
180
93
95
124
58
95
73
89
100
522
116
80
137
83
81
71
66
70
53
114
114
53
65
80
48
48
63
93
94
93
60
62
96
191
71
80
90
81
142
113
81
87
107
112
74
89
113
80
77
76
79
163
70
110
89
76
97
94
76
71
124
182
103
94
67
270
417
231
1110
240
82
100
127
155
150
103
142
92
109
62
79
80
55
69
242
81
121
301
114
102
115
166
322
140
143
158
138
105
103
1191
306
117
68
93
93
82
158
199
100
99
109
79
102
104
59
73
75
167
97
97
80
55
64
230
452
452
255
156
92
358
89
115
115
117
75
86
57
79
279
130
140
149
121
210
188
94
83
93
103
939
134
101
80
140
103
113
87
110
70
75
60
63
80
141
185
108
73
59
68
109
57
67
68
83
77
61
116
106
124
843
332
104
108
56
106
692
111
179
98
93
74
165
60
153
107
91
210
83
115
83
69
77
254
177
71
64
61
72
62
62
89
99
183
251
83
123
72
160
115
105
124
98
92
143
114
72
112
103
869
285
241
143
359
228
118
168
896
277
136
128
125
79
56
90
69
63
98
98
89
108
93
88
105
100
109
110
120
145
137
134
83
106
123
101
93
113
104
95
120
110
67
80
59
62
81
91
84
47
82
86
96
83
81
73
68
56
39
71
76
68
216
106
89
73
75
89
285
131
100
125
67
66
74
90
85
134
220
109
113
84
88
72
959
160
100
66
166
124
130
262
98
134
188
151
95
119
146
74
74
96
100
77
83
99
106
115
107
84
76
86
125
96
136
100
80
89
94
72
66
63
68
102
95
85
101
135
55
106
61
110
339
115
132
85
93
135
111
67
92
114
105
164
89
50
128
106
103
139
104
150
92
215
71
120
55
91
106
154
152
90
60
96
78
89
77
113
119
82
143
164
78
53
73
87
49
94
135
169
97
82
116
146
159
126
141
162
801
299
246
207
133
75
82
85
64
87
84
79
97
59
142
103
81
66
80
99
71
94
123
135
115
347
172
340
123
130
715
82
71
155
121
163
155
64
202
92
77
110
292
108
71
59
45
78
72
112
76
64
53
79
59
81
77
65
56
62
56
96
142
105
178
175
83
78
81
67
71
55
74
397
384
156
127
148
174
260
131
110
80
124
75
113
106
89
93
124
97
70
111
82
87
134
140
161
206
84
111
129
159
252
125
83
56
56
56
126
62
63
131
238
85
129
98
88
143
160
94
101
142
803
226
95
127
85
118
71
65
97
70
95
57
71
95
77
782
265
667
97
141
77
88
108
59
59
91
264
68
175
338
189
128
138
112
88
89
82
64
107
106
74
108
146
172
146
74
114
138
94
112
143
130
90
121
86
148
125
110
210
150
115
162
162
107
325
253
147
108
60
118
110
118
135
143
120
99
90
116
91
102
83
70
114
115
105
74
91
133
106
119
96
105
200
137
109
112
130
64
107
392
83
108
107
129
100
90
99
132
115
97
88
96
163
95
126
83
90
159
101
94
113
160
161
102
104
88
88
117
87
168
137
245
121
132
84
88
91
86
82
53
67
93
95
112
102
67
96
90
98
89
77
68
105
261
117
96
156
153
99
84
103
309
192
192
109
144
155
107
84
141
142
173
79
121
235
139
168
90
132
131
130
134
98
114
146
163
121
117
143
141
231
163
147
208
97
123
149
88
128
139
113
101
96
111
244
260
154
100
129
335
181
166
147
87
98
236
456
237
83
238
178
108
93
114
71
87
63
138
171
112
92
127
88
93
123
126
159
105
198
58
196
121
199
86
125
145
262
91
196
129
126
127
110
303
533
121
100
126
105
118
115
327
191
128
131
129
135
327
120
140
143
108
103
84
66
105
78
106
75
75
91
217
201
298
147
115
202
168
83
72
209
101
151
308
159
104
81
99
159
92
88
84
99
107
198
154
155
122
90
104
105
250
125
97
67
112
94
234
101
68
96
106
110
150
155
150
153
174
170
112
155
65
159
93
218
157
234
174
145
117
163
191
195
116
135
141
253
327
149
93
207
174
88
80
107
107
66
175
150
132
85
120
101
132
179
140
92
78
102
137
91
129
116
143
128
89
97
86
89
113
180
155
196
214
112
157
179
91
264
286
98
97
129
103
154
214
134
130
215
131
121
243
286
126
123
129
190
134
160
221
97
86
212
646
106
138
158
79
103
80
95
146
165
303
255
157
91
119
114
158
241
173
247
252
78
121
113
160
163
103
147
73
269
273
202
103
141
169
211
301
151
127
170
202
134
106
147
122
139
183
617
117
137
81
93
113
80
75
108
187
225
234
118
92
106
86
115
82
217
248
328
169
239
235
96
208
247
199
110
426
160
122
296
216
112
115
133
109
91
77
165
201
170
76
87
83
108
111
93
135
146
122
96
125
68
58
108
116
112
107
141
94
97
116
103
179
123
112
165
101
103
100
129
150
159
103
114
87
104
102
126
124
208
159
369
112
125
151
171
95
158
380
372
230
233
122
131
171
159
155
171
197
512
257
197
282
289
123
117
223
194
193
184
1032
370
173
1002
366
176
207
238
414
682
172
114
120
125
92
91
138
202
192
167
278
257
189
239
229
957
296
185
149
259
331
418
172
137
296
237
229
172
229
1304
370
164
555
244
217
130
133
287
313
322
157
270
213
179
212
412
219
139
198
243
164
242
260
138
204
247
260
237
106
279
412
222
1021
439
131
138
181
101
358
126
95
85
272
1072
318
287
552
831
1154
182
195
218
314
230
119
801
161
122
87
223
189
256
347
173
119
157
184
133
1202
439
104
95
197
334
302
86
105
585
118
252
1252
784
2278
2087
2500
4893
11074
6267
4368
325
876
3857
3304
492
356
517
207
143
181
212
373
138
120
220
171
516
760
149
129
175
275
191
237
107
1237
348
442
170
143
166
152
211
253
4504
4410
2227
1646
7340
8232
13209
6776
6902
521
879
2400
2220
3770
1724
951
1020
1098
896
1888
2030
624
279
333
1044
406
448
392
1275
432
611
344
3605
9894
6328
786
888
970
991
1349
895
1108
747
633
592
747
932
784
861
860
422
1041
412
744
964
1113
1061
626
526
807
955
692
423
1125
528
1009
494
564
634
847
887
395
719
1636
1462
1649
199
378
132
1116
595
579
193
70
326
229
223
378
435
201
329
441
217
176
388
987
158
311
94
99
332
440
241
109
302
220
239
414
158
141
301
339
718
296
105
284
347
101
87
471
325
196
481
238
135
175
338
185
213
225
140
257
334
332
318
818
217
260
372
111
131
317
444
469
330
116
75
379
216
107
438
134
113
312
431
196
376
172
129
360
238
142
496
73
549
463
120
646
713
266
77
550
101
100
413
700
663
159
336
90
170
301
220
260
194
221
423
104
405
334
110
354
126
235
363
494
1381
724
234
51
41
1322
7264
2817
386
227
164
296
385
189
259
82
154
282
145
387
879
79
348
424
176
98
246
201
269
152
270
457
764
457
279
109
84
316
105
253
1102
345
343
318
435
163
121
248
161
103
218
256
205
921
680
101
191
265
138
54
507
657
111
367
149
400
873
2940
7025
314
125
101
145
96
105
208
124
129
105
119
104
98
108
115
142
100
115
104
120
106
105
79
76
94
154
218
110
114
101
508
134
133
113
203
157
132
100
85
90
115
145
97
75
87
163
153
82
105
6370
6671
4506
92
158
98
760
272
166
123
1624
2695
1306
1137
1586
4114
8102
100
109
105
152
104
166
176
184
1482
1535
1451
1205
1545
4656
8635
92
95
110
1424
80
71
103
97
1368
1575
1517
1235
1577
3715
9549
1845
101
92
111
88
76
77
83
1272
1579
1339
1214
1636
4985
9074
2258
258
129
79
186
87
211
828
2245
1893
1244
1229
1236
2968
7385
4691
143
108
1360
103
98
80
101
860
1806
1922
1336
1261
2932
9204
4148
99
658
309
125
111
124
98
843
1865
1224
1426
641
1602
5684
7504
69
103
84
136
2101
91
85
98
1768
1288
1581
1141
2676
4195
9314
100
135
133
129
98
105
114
117
1390
1590
1326
1145
1525
3954
9058
2677
113
80
1601
160
2327
