16
18
14
21
20
12
17
19
19
16
16
28
31
15
17
24
21
18
18
22
25
44
18
20
27
26
36
13
17
11
36
26
22
12
18
16
14
15
13
14
17
24
31
26
20
17
34
24
43
35
15
24
23
15
21
24
29
16
33
12
27
10
12
15
26
8
9
21
13
24
15
23
40
29
8
13
18
17
4
16
8
17
40
31
11
19
16
7
27
24
26
10
9
17
14
14
9
14
21
25
27
19
49
17
19
28
17
16
52
62
32
35
17
19
71
21
35
61
53
18
15
16
18
40
25
27
28
13
20
40
26
21
16
22
14
16
25
25
17
59
37
57
71
38
55
49
49
25
50
18
19
22
13
50
41
30
41
27
43
33
28
39
39
35
40
30
19
32
46
28
30
26
26
13
27
20
18
27
11
16
18
59
54
66
31
20
22
17
18
52
15
43
43
23
24
18
27
18
26
8
17
22
21
22
21
21
20
19
21
30
28
13
27
46
45
32
32
27
22
31
24
27
19
16
14
40
29
11
37
17
16
56
35
47
42
12
41
19
21
13
14
23
12
23
24
23
22
12
10
17
20
18
13
26
20
21
10
11
29
19
17
18
19
24
12
13
27
23
19
22
23
20
17
16
16
26
37
26
17
38
12
15
20
15
15
22
22
22
51
36
31
28
16
32
15
19
11
11
14
31
29
9
26
13
28
16
24
15
20
16
33
27
21
11
12
26
20
16
21
15
23
29
43
44
5
25
16
21
25
17
10
22
24
20
13
15
31
23
25
14
12
18
12
15
23
24
15
22
25
16
25
21
20
15
19
12
18
33
31
12
15
15
20
59
59
13
21
35
38
35
54
19
16
16
38
17
46
24
11
24
12
13
18
7
10
12
20
13
31
36
25
25
25
26
19
21
18
14
18
16
11
34
32
25
19
11
19
7
30
21
24
18
17
20
15
20
19
21
22
23
19
17
25
15
18
21
21
11
14
18
11
16
14
10
20
18
26
18
20
20
17
8
48
19
54
17
29
21
20
14
19
23
18
16
5
11
12
15
19
17
20
16
28
23
16
12
25
37
22
29
27
41
27
38
31
20
13
18
16
18
12
13
22
23
12
18
8
13
15
15
24
13
9
15
26
17
19
8
13
36
14
15
13
19
14
20
17
16
29
20
14
24
14
43
18
19
36
17
18
26
13
29
6
27
23
24
39
27
26
47
81
104
16
19
28
14
12
21
14
23
24
17
12
12
20
2929
47
49
20
15
14
18
77
310
74
194
911
249
136
242
40
65
434
69
68
26
19
14
22
8
8
15
18
230
28
18
19
18
19
17
14
30
14
12
12
13
20
29
21
12
12
16
22
17
24
33
22
26
19
15
13
19
11
18
30
21
27
29
12
39
21
13
18
32
15
23
25
26
27
23
13
15
13
11
19
14
15
17
19
36
41
23
37
53
19
22
10
11
16
26
17
16
23
9
13
6
11
19
45
17
37
25
28
23
23
15
9
8
19
27
23
25
25
30
20
20
7
21
21
17
24
13
23
16
19
15
120
117
17
25
19
16
45
169
70
19
16
16
24
18
11
36
22
15
15
17
17
22
17
12
12
22
22
34
26
25
53
26
27
14
19
20
14
23
20
18
18
18
17
35
24
24
11
12
11
19
29
22
26
25
17
31
33
24
28
18
25
30
26
21
19
17
4
15
11
16
22
20
20
19
20
24
17
12
18
14
11
11
14
13
23
11
16
16
13
29
38
39
24
16
15
28
17
26
21
9
17
15
23
6
15
13
17
9
7
13
14
9
17
4
20
17
11
9
11
12
12
11
12
8
15
13
13
10
11
7
3
12
11
20
15
30
33
14
16
16
22
24
18
13
20
19
23
14
22
28
22
22
12
13
15
32
22
11
21
39
27
8
15
15
14
18
6
24
20
10
21
22
11
6
20
12
16
13
22
14
15
16
26
24
20
18
12
23
19
17
19
24
24
24
22
23
7
18
34
26
13
16
15
13
19
26
17
16
24
20
19
38
16
24
22
1
13
12
15
21
21
16
11
15
10
12
14
11
25
14
11
10
20
16
20
23
22
23
19
13
19
21
12
10
20
6
14
22
18
23
15
19
17
8
21
16
12
7
15
12
10
9
7
8
13
15
13
14
18
15
177
92
51
18
44
79
20
14
12
29
45
19
22
31
92
30
32
10
22
21
21
18
25
59
22
41
44
17
35
36
87
18
19
32
29
30
39
40
37
30
30
22
21
10
43
14
15
26
18
10
8
14
8
9
19
14
13
12
11
17
8
17
13
13
13
15
10
30
9
30
21
20
24
16
15
17
15
13
9
11
24
21
9
12
10
22
29
22
18
9
14
13
17
19
12
16
31
17
30
52
17
17
36
21
23
17
11
16
15
16
18
31
19
18
23
25
11
7
8
19
12
25
57
14
16
18
10
18
25
15
17
24
17
17
19
10
12
13
45
14
15
38
10
24
22
19
7
16
36
21
30
25
24
27
17
12
11
17
16
9
12
12
14
10
12
13
17
12
18
11
13
17
11
13
17
15
6
14
19
17
9
11
8
20
11
19
36
22
14
22
22
29
34
24
18
21
27
18
33
22
12
22
14
28
24
18
17
10
10
15
43
42
33
16
82
30
24
20
27
18
52
15
21
21
46
217
78
79
16
22
29
34
35
42
32
42
27
7
5
8
12
64
24
28
114
73
63
30
48
49
47
76
79
94
72
168
28
105
48
27
17
11
27
25
12
32
65
15
17
12
4
6
17
48
42
24
8
9
9
10
29
30
51
15
34
50
12
66
34
17
19
13
7
10
16
19
28
19
26
19
18
16
12
12
19
123
23
7
75
23
14
12
12
14
8
23
8
14
21
27
10
10
9
13
5
6
6
6
12
6
14
20
24
16
32
28
17
29
22
106
22
75
17
9
47
43
11
14
23
43
56
44
38
9
13
35
50
10
10
13
13
11
10
19
22
33
110
36
7
6
17
12
21
25
20
20
29
27
25
19
22
29
21
33
22
48
20
26
26
127
23
13
20
10
16
13
13
14
14
14
10
24
18
27
27
9
23
15
17
25
21
13
17
21
22
20
14
9
29
21
15
13
13
8
6
13
9
11
25
6
18
21
16
12
11
4
42
0
10
27
8
37
36
66
136
21
94
36
29
26
21
10
13
13
17
52
61
59
33
14
19
14
138
42
67
10
102
33
91
20
38
40
23
32
12
91
31
20
21
8
6
15
39
125
77
13
12
12
14
27
16
31
14
22
23
10
11
12
49
23
56
86
26
29
17
20
22
53
82
20
19
12
13
13
16
16
11
15
22
48
13
13
22
19
20
17
26
11
11
10
8
14
9
21
23
12
11
2
10
23
16
23
3
22
19
20
38
6
22
5
9
13
17
16
19
32
33
53
44
31
52
43
36
61
36
27
18
17
21
16
13
19
13
11
14
22
9
9
9
2
16
12
13
12
13
21
34
41
51
41
17
21
8
17
21
33
20
174
70
37
25
19
13
12
14
8
10
27
11
19
68
6
17
10
7
12
10
17
23
7
19
19
33
18
53
21
17
13
4
8
6
17
25
13
44
28
27
83
34
27
34
18
18
17
10
4
22
26
17
11
15
15
15
35
29
40
31
15
17
34
35
61
21
35
19
12
23
23
15
16
13
28
18
22
27
15
26
20
17
23
31
24
29
24
26
29
20
21
20
20
12
12
15
15
17
30
29
104
40
18
18
6
14
13
11
14
27
22
14
25
86
25
21
14
7
16
15
3
16
20
12
15
32
67
12
18
27
42
15
11
19
19
22
19
18
23
13
74
18
11
46
17
36
47
21
25
13
15
15
11
48
19
8
12
8
16
12
12
7
14
13
42
14
8
15
16
15
33
7
12
22
31
17
26
9
13
19
35
14
34
26
21
19
28
27
19
16
11
21
28
14
20
11
19
30
19
14
23
26
30
28
24
11
14
25
10
20
19
29
19
23
11
15
17
9
10
10
14
19
21
30
14
14
30
36
22
13
14
26
23
19
27
30
28
13
20
62
39
26
24
30
22
11
16
17
23
41
18
19
40
54
6
16
26
25
21
21
18
18
25
25
26
24
22
27
23
25
26
17
15
23
19
21
27
20
16
26
21
66
36
30
16
26
34
45
43
28
15
25
22
12
8
20
38
29
20
24
21
21
26
14
36
23
22
16
39
20
25
18
58
57
22
27
23
22
19
22
22
26
36
51
38
32
37
56
11
79
27
27
27
18
17
18
24
52
42
20
24
21
31
26
21
28
43
32
27
17
4
12
16
10
19
33
19
46
24
21
13
25
25
22
18
38
16
19
21
39
5
21
20
12
24
10
9
31
15
36
33
22
10
36
19
39
25
25
22
27
31
52
15
15
43
28
25
47
25
27
37
36
22
10
26
12
13
33
15
19
18
19
15
40
42
25
2
30
36
23
22
31
16
21
28
21
15
12
15
47
24
26
14
25
19
35
32
29
19
18
12
21
23
28
18
24
15
13
17
14
14
21
23
24
34
21
14
20
17
19
36
25
26
23
22
14
21
31
43
50
42
38
74
14
38
30
23
39
26
40
32
24
24
77
42
16
14
28
27
11
14
21
96
93
43
36
24
22
25
22
35
70
37
52
29
30
45
21
29
19
41
37
30
50
51
15
27
12
32
94
29
37
36
35
26
11
74
17
42
75
64
45
30
21
22
19
20
23
34
36
38
21
14
19
20
26
14
20
40
61
44
43
29
35
52
29
64
33
43
48
53
42
27
24
43
46
14
16
35
16
21
28
15
23
9
22
23
29
19
24
27
12
26
20
16
25
20
40
34
36
39
30
27
18
33
22
16
17
35
25
28
35
31
20
15
20
28
19
34
55
35
31
29
70
42
34
19
108
55
70
35
49
23
38
14
28
30
31
50
32
46
102
26
23
24
23
21
15
40
26
25
69
53
54
29
56
92
92
21
16
17
15
7
13
20
22
36
32
44
31
44
39
73
18
53
30
24
55
64
46
32
42
49
65
30
47
115
51
51
66
41
28
27
31
51
34
52
76
39
46
30
102
34
50
40
28
59
22
23
71
13
24
47
39
54
36
137
26
133
34
70
30
35
31
83
87
26
18
72
113
39
33
165
64
152
55
118
81
81
42
20
90
24
40
31
71
52
43
70
35
26
37
28
91
48
21
16
30
82
40
29
41
57
12
27
23
95
44
39
20
70
27
70
20
44
35
27
41
97
77
52
75
66
106
24
38
14
53
61
51
44
20
21
91
31
55
25
68
25
55
74
21
16
22
15
18
21
40
16
16
17
28
33
13
13
12
18
13
22
14
14
13
15
32
27
32
25
18
15
18
37
16
16
50
20
36
27
16
27
39
18
20
25
53
42
60
55
40
30
12
17
15
25
24
22
33
18
21
19
14
19
13
17
11
12
19
5
13
11
14
35
17
36
15
13
24
17
16
7
24
18
9
27
16
26
22
14
15
12
8
17
30
44
31
40
24
117
32
123
64
51
20
13
14
34
28
6
24
18
32
11
28
56
18
19
10
20
8
25
19
8
10
19
25
19
10
15
15
9
11
13
27
18
23
13
8
25
18
35
21
17
36
28
26
29
25
33
21
38
10
18
26
26
21
21
26
19
18
36
20
10
17
28
19
22
9
37
53
19
29
63
34
17
16
20
24
26
22
16
31
24
22
18
24
10
15
10
18
13
26
28
34
18
31
25
18
24
25
20
24
22
19
21
23
14
16
17
8
26
27
28
22
17
27
19
20
20
32
17
65
31
14
35
31
22
26
41
28
26
56
21
22
12
17
31
38
30
35
30
19
15
18
18
14
34
31
16
35
30
36
21
31
21
25
18
29
28
27
27
22
56
21
50
20
29
24
26
24
16
34
28
18
24
13
15
14
8
21
18
30
23
8
11
18
15
16
24
26
8
15
21
28
15
12
17
16
16
20
23
28
35
18
26
20
10
9
18
11
35
39
133
118
24
21
11
26
21
14
15
23
20
15
16
20
17
13
21
22
15
16
21
47
9
30
27
44
26
33
15
23
31
36
32
16
17
24
19
20
26
20
22
47
34
19
12
14
12
11
19
14
16
17
12
21
22
13
14
13
15
15
14
12
48
78
29
44
84
30
92
47
49
17
15
10
13
21
17
26
23
25
8
13
17
20
15
17
124
20
8
21
23
14
24
120
48
18
21
14
18
32
18
11
24
39
41
17
14
10
13
25
16
43
17
22
20
26
20
16
20
23
18
17
19
22
12
13
20
20
11
12
14
21
17
22
22
148
22
10
15
17
