34
39
45
52
34
32
40
36
30
45
33
40
37
36
55
46
29
44
39
45
133
33
58
43
36
90
33
35
31
22
53
40
31
25
31
40
32
40
41
40
44
41
39
55
61
51
50
50
178
191
55
33
42
39
44
51
47
52
50
48
44
29
29
35
25
29
26
25
25
28
69
50
30
36
30
26
42
41
27
38
35
45
76
48
31
41
29
41
31
44
20
20
25
25
33
22
40
38
42
52
33
86
69
26
36
193
140
58
281
138
97
71
20
45
36
41
70
53
45
32
40
35
64
65
49
32
30
26
67
47
47
33
30
40
28
27
44
128
48
37
69
91
104
44
117
84
40
57
41
36
31
38
63
52
37
75
85
55
71
75
91
69
63
57
48
32
32
89
64
59
36
44
51
38
120
74
110
85
31
28
159
67
158
39
47
32
34
30
129
38
41
57
51
33
37
37
35
45
25
31
26
24
37
43
38
42
34
35
30
27
37
25
40
49
68
41
35
48
42
53
44
56
87
26
44
41
61
36
20
119
15
30
41
61
72
40
57
36
31
40
24
27
17
17
28
37
42
44
44
24
56
57
38
32
50
36
35
26
31
40
43
26
33
21
43
31
17
30
34
36
21
29
31
46
28
31
41
126
31
36
68
25
29
36
26
28
43
29
30
29
30
33
50
26
36
45
37
30
28
30
37
53
21
24
24
27
29
31
37
38
44
51
32
55
72
34
34
46
36
31
26
29
42
64
52
36
44
36
51
32
41
30
37
28
34
33
36
38
38
39
30
29
22
29
31
35
42
22
43
60
54
59
41
35
66
0
36
32
90
48
37
32
16
29
43
79
36
25
33
37
55
126
29
42
23
29
46
29
37
27
32
23
35
27
19
18
19
25
30
29
31
39
36
47
30
32
56
20
28
33
36
43
33
28
242
194
25
30
31
32
32
42
30
28
32
23
28
27
43
27
24
33
33
44
22
28
44
33
29
39
24
31
22
27
18
27
28
29
22
53
36
57
34
123
31
76
23
39
36
39
36
28
41
28
41
27
24
33
25
22
35
31
42
44
34
37
32
37
71
32
42
46
62
57
29
38
25
30
32
53
37
30
44
44
39
31
33
29
29
28
24
38
36
38
30
39
35
29
29
19
117
23
20
28
41
35
32
36
37
39
26
32
31
23
75
26
52
32
25
24
51
33
40
62
46
27
63
41
52
198
220
55
31
29
36
63
30
33
32
29
38
39
31
38
2311
25
36
29
31
23
27
25
116
83
32
224
73
51
38
61
38
67
46
54
56
38
30
33
40
28
29
27
359
42
43
47
51
58
32
26
46
52
40
21
35
23
39
39
52
30
37
37
37
35
33
35
35
44
33
31
31
38
42
35
55
44
38
42
135
33
34
28
31
99
99
44
35
34
33
50
39
27
28
29
26
37
36
29
45
49
35
44
66
47
47
31
37
45
40
30
42
33
41
36
39
44
20
84
57
38
23
44
29
38
59
35
36
26
29
36
33
38
62
51
44
30
25
29
30
49
41
29
27
24
25
27
44
247
27
26
32
29
33
134
41
36
27
49
41
44
25
31
29
35
20
32
23
25
26
21
29
32
29
52
49
45
46
33
28
31
35
51
41
42
36
36
37
39
39
39
38
36
29
21
24
30
46
77
44
35
48
33
31
76
29
40
42
71
36
21
25
37
26
23
20
29
32
32
32
32
17
22
21
22
23
20
20
31
22
38
49
49
32
33
36
31
30
126
23
31
38
28
31
32
40
29
58
73
31
27
33
32
27
29
28
23
21
24
35
35
31
34
51
23
34
76
40
30
78
38
27
28
29
21
25
21
26
34
34
33
56
39
36
37
25
31
29
31
36
34
45
39
30
35
35
36
37
24
24
25
35
40
27
37
48
49
34
37
32
31
43
48
36
27
35
31
33
33
27
29
27
18
36
30
58
68
29
25
51
51
56
34
47
52
37
37
32
38
45
0
0
170
53
26
23
22
24
16
37
37
37
30
37
33
28
114
38
33
21
24
16
28
23
31
30
25
37
29
33
27
29
24
19
35
21
26
27
37
34
45
39
33
34
43
33
24
36
30
34
26
24
32
30
28
25
27
30
28
21
18
17
17
16
22
23
19
30
14
21
29
26
25
37
18
521
65
24
35
117
25
48
30
53
58
41
36
44
41
51
37
43
39
54
32
32
43
40
88
39
60
29
82
214
117
53
40
33
59
55
52
102
0
63
39
34
40
35
25
29
32
24
32
29
20
26
24
20
23
30
29
28
27
55
35
27
29
26
26
26
25
36
45
49
32
35
29
22
30
23
51
33
24
29
26
34
32
40
53
50
44
31
24
36
37
37
39
23
25
52
35
74
49
29
47
44
37
42
38
26
25
21
17
21
21
23
21
24
24
20
19
17
26
17
26
24
28
29
36
38
39
30
34
18
29
44
50
29
26
21
26
27
62
29
38
51
24
33
41
46
21
37
31
48
37
38
50
40
42
39
31
32
35
31
21
30
26
29
33
35
33
32
41
27
18
57
25
22
21
22
39
36
25
24
27
23
19
19
36
23
26
26
25
28
28
33
31
20
32
27
44
44
27
27
38
25
29
35
35
35
31
25
44
41
73
32
43
89
61
40
39
57
61
0
0
0
0
92031
914
30
31
48
46
45
35
24
59
51
50
19
22
22
17
15
27
66
70
38
47
52
85
81
47
33
61
49
89
168
74
148
36
21
34
25
34
39
31
31
26
22
19
47
33
21
50
33
29
24
21
17
63
132
109
32
35
31
42
50
64
35
43
39
22
20
60
30
35
28
26
45
54
44
40
31
20
174
25
26
29
32
34
28
27
22
31
17
16
26
22
18
23
18
28
25
15
13
17
34
19
37
37
30
144
114
46
40
31
24
72
107
40
93
26
18
39
26
39
40
53
42
40
35
25
23
19
31
52
44
23
18
18
46
27
38
80
123
24
22
54
32
37
36
47
40
39
26
50
41
40
157
96
122
35
87
75
57
50
85
163
42
29
31
24
35
26
20
26
33
36
37
29
40
33
52
35
34
26
37
47
40
45
35
28
37
33
29
40
55
26
33
29
20
40
20
24
47
25
21
30
37
62
22
23
26
18
19
23
28
31
39
38
39
39
23
53
91
43
37
30
25
41
29
30
29
53
141
28
28
25
157
33
35
27
27
51
36
77
59
36
57
46
33
36
57
42
25
33
32
23
21
30
32
46
40
30
34
34
41
44
37
43
78
39
39
24
23
19
18
30
35
30
31
40
39
37
34
63
35
25
32
27
31
33
24
31
33
60
25
18
34
30
25
26
35
43
29
30
23
22
18
24
32
37
47
40
26
29
31
22
27
37
38
42
41
39
19
19
19
27
26
33
46
34
32
25
36
75
65
41
40
79
144
110
49
41
23
32
40
22
25
25
22
23
22
44
34
33
33
26
18
17
25
39
40
34
117
170
216
62
46
87
21
25
34
46
60
37
54
46
26
40
54
70
26
21
15
19
18
28
25
15
15
35
20
30
24
25
29
19
30
31
40
35
47
43
29
26
23
20
27
17
35
67
62
60
42
35
97
58
48
38
39
34
29
33
22
25
44
43
29
35
21
25
36
44
52
58
33
37
40
72
87
40
39
29
24
27
37
27
32
34
32
25
17
38
24
32
34
31
32
66
123
43
36
35
35
25
27
20
21
15
18
18
39
28
129
92
123
50
35
31
28
27
25
26
31
27
32
63
84
43
38
43
36
35
32
25
22
37
32
25
39
33
68
22
40
41
40
48
30
36
32
30
26
31
44
38
27
51
29
49
51
26
79
44
43
39
32
30
26
33
49
38
25
23
22
37
21
27
35
24
22
32
31
25
25
23
28
47
18
45
44
41
42
27
28
29
46
49
28
35
50
39
39
41
40
27
37
29
26
33
23
31
25
42
46
27
29
41
41
46
55
45
22
39
35
24
47
31
46
39
33
23
33
43
22
13
21
22
30
26
26
34
33
34
30
27
29
21
42
59
62
39
40
46
37
28
37
60
40
45
38
33
51
41
44
34
36
34
38
56
39
35
60
41
51
62
42
29
28
32
48
46
46
46
61
52
67
56
58
43
52
50
34
47
38
35
30
36
36
128
109
57
50
59
79
89
58
46
30
54
117
101
40
33
46
35
29
38
32
29
31
35
51
46
36
32
38
28
33
28
51
40
43
38
30
32
43
49
38
37
50
29
44
43
34
33
86
41
112
77
26
40
33
36
47
69
54
51
29
45
193
40
45
66
50
38
59
32
23
29
32
26
21
32
27
57
31
45
37
32
45
33
27
54
39
27
37
39
44
40
56
41
34
35
25
28
39
54
45
42
31
33
30
64
44
31
43
39
28
53
36
35
30
50
40
39
36
51
44
58
53
30
34
30
40
36
17
39
37
42
42
38
28
70
53
53
44
23
44
68
45
58
49
27
31
31
33
95
57
54
32
43
32
33
53
56
39
32
34
69
66
34
30
33
23
27
37
39
32
43
46
55
66
42
34
27
24
36
53
46
48
65
6
27
39
116
34
39
80
54
90
46
58
52
44
48
40
54
30
39
168
43
42
41
26
26
31
41
93
76
108
47
46
43
41
34
54
67
62
98
73
55
42
31
34
44
35
55
69
60
129
74
60
56
74
100
119
51
54
51
58
57
48
31
36
59
102
106
67
105
31
41
61
44
47
66
97
60
191
33
31
34
53
44
166
98
84
94
70
69
79
95
83
72
60
73
114
91
70
49
33
59
34
28
51
41
44
37
36
41
28
28
53
37
41
49
41
40
38
32
32
43
30
39
45
53
59
41
44
62
37
30
37
23
38
26
44
63
93
40
38
37
51
60
69
125
92
41
54
40
93
49
76
143
115
56
84
73
35
62
66
26
44
111
124
65
83
101
106
38
59
45
35
64
43
111
198
167
152
59
73
69
176
40
47
38
61
20
28
41
33
49
67
80
78
81
102
128
59
50
79
86
134
100
63
72
59
103
65
79
177
103
57
84
145
85
61
46
93
91
73
121
117
126
74
45
112
90
85
63
88
52
55
74
67
46
112
104
58
60
151
105
60
130
141
60
42
48
96
114
39
40
36
154
150
103
110
238
195
104
79
155
112
46
66
131
81
61
71
45
153
85
84
52
46
76
63
46
152
125
71
55
115
97
72
55
33
56
25
30
136
100
80
73
55
106
78
72
46
57
29
27
138
169
212
108
76
74
50
81
92
48
64
45
125
71
45
25
42
80
39
58
26
55
87
119
27
35
49
38
31
35
50
35
39
35
35
41
48
25
22
39
32
27
37
29
27
39
56
50
73
48
48
37
42
51
44
30
40
41
34
57
39
43
49
46
33
52
66
145
178
118
77
59
27
42
35
22
53
34
45
53
55
46
36
23
31
26
22
29
35
33
28
34
35
43
50
64
74
39
32
25
25
18
29
36
25
27
33
43
37
31
20
26
26
20
49
32
59
51
55
53
73
33
48
114
51
31
39
50
47
43
28
32
31
51
60
45
43
27
68
27
35
38
26
25
30
30
35
39
39
28
31
48
27
38
40
35
23
30
33
41
33
38
40
72
43
39
41
63
81
0
45
44
34
33
37
58
37
44
31
39
31
40
39
22
39
52
43
36
27
30
61
174
116
104
35
30
33
35
108
47
58
94
41
48
50
37
31
25
29
30
28
34
67
136
74
47
24
31
46
35
22
46
48
36
27
30
31
31
23
35
31
45
41
29
22
49
22
36
27
47
39
78
38
34
26
44
54
23
26
55
174
86
42
43
40
33
29
52
198
46
55
39
41
29
34
28
33
35
33
39
157
104
72
71
30
39
59
37
48
31
44
45
96
99
45
43
56
32
51
34
29
46
40
34
35
36
31
27
31
42
45
33
62
30
34
40
22
30
44
38
30
35
38
36
56
25
27
32
48
41
43
59
30
27
37
37
28
26
28
29
50
40
38
35
38
35
33
23
39
146
80
123
31
35
27
32
32
28
35
29
36
32
30
62
44
47
31
63
55
46
46
37
35
66
52
46
38
33
44
40
41
31
76
74
48
35
30
31
28
25
41
24
27
34
37
39
33
25
22
27
25
24
20
28
59
108
49
59
64
209
96
133
16
26
25
36
30
34
39
37
45
39
35
27
29
34
29
41
146
32
34
34
42
29
182
89
40
38
42
37
60
49
56
0
48
40
45
45
30
33
34
33
33
42
32
31
39
36
39
41
41
43
44
31
34
33
36
28
27
26
34
29
21
28
28
38
143
40
30
30
23
28
