60
60
48
67
80
58
49
66
54
47
55
53
62
66
60
57
34
50
53
66
52
44
57
64
53
79
57
40
42
45
38
76
67
48
44
45
36
57
46
48
52
63
64
49
63
59
36
56
68
82
83
86
62
44
54
63
71
59
74
66
54
73
74
51
49
50
38
38
34
41
38
32
30
46
47
37
24
40
46
46
40
37
37
77
90
61
36
37
38
42
46
64
41
31
26
34
36
32
51
152
49
62
51
42
87
51
45
49
55
58
146
99
68
45
39
51
51
108
62
46
47
49
35
40
72
73
82
54
50
71
67
54
54
50
55
46
44
50
48
48
40
76
107
71
107
128
102
56
44
67
76
51
51
69
71
69
44
87
65
70
54
49
90
55
47
41
36
40
75
76
50
41
38
27
46
50
34
41
32
29
147
63
57
109
207
50
62
61
63
58
57
40
68
46
32
51
46
41
56
53
37
47
49
47
46
61
54
56
37
38
41
40
38
35
90
83
90
51
60
60
42
49
67
941
65
66
37
58
65
32
39
40
46
83
56
47
31
104
40
33
50
49
36
31
35
47
56
42
32
32
39
50
45
32
34
49
40
41
34
35
54
39
33
37
37
34
27
34
45
60
44
34
38
53
45
43
43
48
50
46
43
60
45
53
38
29
36
42
52
44
52
51
50
46
38
48
43
938
30
36
48
38
32
36
33
79
78
29
42
40
44
54
42
63
63
52
39
44
53
37
47
36
35
39
53
75
40
33
80
48
33
36
45
45
39
37
30
42
39
52
40
34
34
25
36
38
40
55
43
43
50
50
49
57
54
104
50
53
49
48
33
29
30
41
47
46
39
77
47
55
68
37
37
42
36
62
51
29
37
38
43
37
33
34
28
29
29
39
38
39
48
47
46
94
86
41
22
34
31
52
65
45
31
35
64
83
44
37
36
53
44
54
38
35
27
40
37
40
53
36
39
34
29
48
46
41
42
40
36
44
47
36
26
24
36
53
49
41
49
56
55
50
41
37
45
43
44
83
36
38
31
43
45
40
33
37
39
35
40
51
37
48
37
42
49
40
38
43
47
60
60
83
60
60
44
36
37
35
71
33
44
40
43
47
48
35
26
31
43
41
44
51
36
36
48
36
34
34
31
34
42
40
33
39
35
36
40
48
49
49
55
55
44
43
29
43
54
43
50
54
39
43
42
49
49
36
46
44
73
37
53
65
51
37
37
36
40
71
39
54
45
43
58
35
35
27
49
59
59
31
28
34
31
27
27
28
28
129
34
101
45
29
288
31
59
57
46
51
38
51
26
39
36
237
129
40
39
30
40
39
28
40
39
41
35
38
28
43
48
40
38
41
37
37
41
50
49
57
39
33
42
35
35
38
46
38
41
57
41
27
36
43
37
40
45
46
44
44
38
41
46
57
46
39
35
36
47
42
42
43
41
34
49
53
41
69
58
51
40
40
32
40
43
49
41
43
24
36
53
32
49
52
36
42
60
53
61
74
49
41
27
43
52
57
74
116
59
41
37
32
63
36
39
49
36
35
44
32
239
129
32
33
38
35
59
43
31
35
36
37
50
47
39
51
31
38
39
33
45
43
35
31
36
37
47
58
59
68
40
33
34
30
36
43
35
43
35
38
33
34
51
49
48
45
35
36
40
65
94
42
45
49
41
45
40
43
39
27
45
35
37
35
41
34
35
29
35
44
41
53
58
42
31
26
30
26
25
36
34
32
44
60
39
43
46
32
51
34
35
34
38
31
49
36
36
28
33
30
66
40
27
35
41
36
43
42
40
34
47
28
37
45
31
35
36
33
36
34
26
24
38
39
45
31
25
15
15
22
36
38
47
31
58
56
42
57
29
28
28
44
42
42
41
35
30
37
31
42
30
19
27
30
39
56
42
61
74
50
36
40
42
45
46
46
33
49
45
36
39
45
27
30
35
22
40
40
38
43
45
43
37
38
52
54
37
39
49
43
39
38
36
51
51
46
53
51
35
36
42
45
30
28
38
37
39
31
31
33
28
23
35
44
29
25
26
30
31
30
27
32
38
90
56
144
42
36
23
25
19
30
28
32
29
30
33
37
31
26
28
34
35
31
33
33
25
29
40
35
35
27
38
67
56
43
41
39
32
33
30
26
24
32
28
33
31
42
38
42
34
40
35
36
30
37
38
33
29
29
52
56
45
48
50
49
52
47
35
38
45
35
44
45
49
47
37
33
37
41
45
45
51
47
52
58
43
34
44
40
43
47
37
33
25
24
35
32
29
32
29
26
24
24
27
29
34
27
26
24
30
43
37
30
35
23
28
27
30
63
62
36
35
30
39
32
34
28
35
32
28
37
33
38
35
34
48
42
46
30
45
43
35
39
37
36
38
41
65
58
46
38
63
62
41
34
26
30
28
30
47
56
31
24
25
34
39
31
25
22
31
29
25
82
26
69
33
32
48
49
39
37
54
57
30
37
33
19
40
51
46
45
54
47
48
45
37
35
29
27
35
55
35
65
57
47
34
39
39
44
237
32
37
28
29
33
29
37
93
60
54
162
32
34
41
24
24
64
68
34
25
28
25
22
37
35
31
38
32
77
77
45
40
35
92
45
63
47
41
36
46
63
43
42
37
41
33
25
34
43
63
35
41
40
59
45
31
73
61
45
78
35
41
109
137
146
179
70
38
67
45
39
44
40
85
56
43
25
34
36
20
92
31
31
38
48
59
44
52
71
67
65
71
51
62
68
80
82
64
52
61
34
34
128
40
30
37
61
29
25
30
27
92
62
39
33
47
29
31
52
61
100
95
68
162
84
121
69
115
63
47
34
37
46
79
88
85
58
55
42
44
35
31
35
55
37
37
43
31
40
28
32
31
33
27
26
25
37
24
30
21
23
31
31
22
22
38
38
25
41
39
36
38
60
39
38
47
32
35
43
47
37
29
35
90
44
49
58
79
39
91
76
49
32
25
33
60
39
23
28
29
29
34
34
47
56
67
31
30
42
54
95
44
48
43
46
47
71
57
32
107
60
53
60
102
90
56
58
69
66
77
44
92
37
32
35
28
30
39
48
41
39
27
42
44
38
32
30
43
41
40
43
40
39
39
36
40
40
33
36
29
26
23
26
23
29
27
35
31
52
37
27
35
25
26
21
72
29
28
32
85
53
52
59
60
61
55
51
44
39
26
28
31
28
38
33
40
43
49
48
50
62
86
32
57
52
69
60
95
71
40
58
49
46
31
33
88
32
36
34
35
32
48
45
45
32
39
30
45
49
42
44
32
35
41
22
27
24
29
46
22
44
20
63
48
46
32
35
51
46
42
30
41
50
41
31
35
32
43
41
40
37
36
34
50
43
61
38
42
24
25
27
12
51
43
46
39
29
25
37
31
53
55
69
68
48
61
52
32
50
29
55
37
46
53
41
24
96
90
57
54
92
66
87
125
74
46
37
38
41
30
30
46
27
33
35
27
42
34
35
23
35
27
36
34
40
40
44
58
138
102
48
113
97
100
46
44
54
78
40
60
37
38
37
35
25
34
27
21
31
32
37
30
23
32
32
23
30
32
26
26
25
30
35
48
51
59
33
33
64
32
23
17
85
107
92
56
62
87
82
53
50
41
39
30
38
41
25
35
47
31
26
39
28
32
46
67
56
63
41
55
84
72
47
53
33
35
32
34
48
42
27
60
47
32
40
43
62
44
47
39
51
78
32
39
81
43
42
36
55
36
24
23
26
30
31
41
38
125
38
37
35
27
30
31
37
33
39
42
58
46
49
42
41
38
37
38
35
30
32
53
132
38
35
37
39
39
34
59
52
49
53
36
34
42
37
45
52
45
59
43
53
69
50
50
74
63
43
52
44
38
38
63
45
38
34
34
37
35
27
28
31
30
56
55
34
41
30
27
46
52
49
52
44
45
51
37
22
34
55
45
37
25
34
48
44
39
20
43
43
29
26
29
37
38
35
86
137
46
37
48
71
57
70
38
25
43
33
37
49
50
47
43
39
35
42
39
32
24
34
36
53
30
40
38
42
55
50
47
108
243
250
205
48
53
53
51
46
35
130
93
94
59
71
50
65
53
60
72
80
54
41
57
53
46
42
48
46
68
40
75
59
40
40
37
49
37
72
53
55
42
1617
58
96
40
38
38
46
39
34
50
81
68
43
43
60
69
71
56
86
61
36
37
49
198
175
53
48
45
33
46
43
48
47
51
263
414
50
68
48
53
70
58
82
41
49
53
65
44
68
87
133
178
130
74
79
45
76
138
86
95
101
79
123
64
59
77
70
67
45
37
63
63
49
48
40
42
45
30
27
23
42
36
37
33
32
99
66
45
51
38
41
36
45
50
46
84
106
24
90
45
38
47
41
20
36
39
51
81
86
48
47
40
54
46
50
49
47
49
106
44
44
27
88
121
106
63
57
68
89
59
89
68
55
41
54
65
66
69
53
47
50
53
47
68
57
66
58
34
66
48
50
45
49
36
44
44
38
32
57
55
61
49
46
39
40
50
59
44
63
37
53
45
37
41
43
44
35
39
36
31
52
61
1344
63
72
57
39
32
76
15
87
63
42
32
39
44
53
48
52
53
42
100
1406
133
48
58
53
75
55
42
34
45
56
126
54
53
69
78
53
58
333
507
262
184
187
199
131
100
187
83
85
111
79
154
77
43
739
68
47
57
63
76
97
77
55
62
48
130
196
54
58
63
52
62
51
52
62
112
95
64
45
46
59
78
56
52
82
92
68
63
59
56
40
49
41
40
62
89
84
85
51
92
90
91
73
60
83
77
77
141
94
56
50
54
49
38
57
48
60
65
69
47
41
38
44
52
60
69
50
42
43
39
37
41
46
55
60
38
57
42
46
57
34
46
48
37
36
44
49
57
50
42
39
32
43
64
53
63
66
32
67
33
58
55
61
43
62
62
47
83
54
57
49
43
30
50
84
96
55
52
46
49
47
45
45
56
74
154
136
75
99
68
63
70
64
66
39
66
58
41
44
30
38
36
44
49
51
66
68
60
88
73
177
100
68
52
56
108
114
80
60
150
60
65
158
87
63
56
165
93
73
78
105
104
124
83
125
57
51
44
114
100
104
88
90
73
60
65
43
48
58
61
59
50
129
96
85
162
199
79
121
56
65
95
57
60
50
168
163
77
97
85
156
110
85
75
141
66
53
129
43
43
49
43
106
97
131
57
47
72
71
52
177
122
50
40
87
114
80
43
36
47
31
36
142
73
500
53
49
93
76
66
92
71
68
39
122
71
70
90
86
100
67
79
80
59
72
58
151
516
51
66
57
88
64
91
53
564
82
178
132
43
32
55
37
86
510
49
34
38
43
46
37
181
20
37
38
35
33
30
28
35
55
51
52
46
41
35
35
43
70
34
61
416
45
64
90
100
73
65
58
59
55
86
102
74
83
62
35
36
32
37
44
49
53
51
50
48
40
40
34
31
30
26
33
25
33
39
49
49
42
36
46
58
25
33
33
38
61
28
38
50
46
44
44
32
36
35
64
56
80
48
48
59
43
59
41
75
246
190
33
28
35
51
38
32
31
43
38
30
59
65
46
45
43
43
42
48
42
35
27
39
187
49
40
38
36
35
36
34
38
34
44
19
35
23
42
42
36
34
33
42
38
155
137
56
44
41
38
38
30
38
40
48
58
41
48
39
45
43
32
37
69
34
56
32
44
56
48
47
62
79
42
184
52
46
41
60
46
46
41
47
47
101
67
47
54
38
30
39
54
68
58
51
41
33
48
40
41
42
42
35
40
37
31
63
62
41
45
79
68
213
33
81
34
54
58
221
264
169
127
94
70
54
75
321
71
397
79
107
176
51
53
45
41
48
159
253
0
62
135
34
40
33
36
39
49
51
47
94
94
92
48
56
41
44
50
50
40
53
43
58
38
37
36
39
39
44
31
39
43
41
49
36
31
32
30
31
37
45
45
53
50
60
46
37
36
41
42
65
93
35
34
34
39
41
40
41
39
41
65
53
47
53
38
29
40
33
33
57
46
38
100
30
44
38
30
50
40
46
83
74
56
53
38
28
29
34
37
39
37
33
73
64
63
47
57
67
47
45
39
45
43
58
69
46
42
41
60
31
31
40
38
96
70
32
26
33
32
39
44
43
39
39
43
36
29
33
29
36
37
33
28
27
65
76
54
63
46
41
86
92
97
39
94
41
41
35
42
44
51
46
28
43
40
31
34
40
98
51
50
46
87
1285
994
105
32
39
44
57
59
50
42
54
47
43
71
46
105
30
53
50
55
35
46
47
44
36
35
45
56
76
66
54
37
42
30
30
27
43
36
30
36
43
39
33
45
44
43
38
35
