93
108
111
129
98
97
104
104
117
127
121
102
99
85
96
85
82
97
82
168
70
89
124
111
81
135
101
64
106
93
66
111
95
74
92
127
89
104
82
84
92
124
88
104
266
106
100
90
109
116
121
178
114
92
71
100
108
110
130
83
136
112
172
142
77
74
85
108
88
59
81
52
140
78
112
90
80
71
114
128
92
111
95
76
104
213
125
88
93
65
87
78
104
77
63
62
93
79
75
71
72
115
121
129
107
240
134
105
164
156
101
860
612
249
109
71
225
96
160
104
144
135
83
153
72
103
100
128
106
128
82
76
126
160
98
105
97
81
90
104
101
116
89
114
104
148
154
143
196
292
273
111
109
114
96
106
128
134
79
69
90
222
175
136
104
126
193
97
82
81
71
69
169
164
83
84
68
87
94
67
84
90
56
64
81
85
76
186
102
112
116
74
79
79
87
74
113
129
73
154
99
79
83
135
81
93
82
77
103
133
104
113
85
81
77
67
95
66
106
127
211
194
121
115
109
110
123
97
85
142
128
196
82
81
94
80
101
108
97
184
180
202
192
108
96
85
119
74
106
82
61
72
100
81
71
70
74
97
105
102
76
67
115
74
67
71
85
70
86
73
86
56
54
60
111
75
77
49
70
92
97
92
80
103
94
83
68
81
139
76
83
78
49
61
92
82
119
128
76
97
74
73
82
108
102
86
91
71
68
87
103
89
88
103
80
86
86
92
93
136
95
125
114
93
70
113
88
90
91
64
71
98
137
125
74
57
90
113
84
108
85
70
89
74
82
83
78
121
105
134
70
61
48
79
76
105
92
68
89
111
119
107
103
116
89
97
93
116
70
95
74
75
76
73
82
88
94
86
251
136
97
145
92
97
116
59
95
91
65
73
85
91
91
82
77
53
76
60
86
95
83
77
116
71
163
172
89
60
76
64
63
152
178
73
72
56
104
112
97
55
69
91
70
117
100
78
90
70
63
89
95
93
65
81
66
101
97
72
103
130
68
93
98
117
126
486
464
76
84
114
95
114
103
86
71
101
116
65
93
145
93
87
96
74
62
76
98
90
71
80
75
74
58
133
82
95
66
88
97
77
91
78
90
111
108
180
201
1001
552
84
59
83
71
56
88
68
67
97
53
106
58
80
63
80
64
78
76
74
99
118
62
87
90
88
66
94
162
87
105
95
71
90
85
122
116
99
57
82
68
86
72
200
152
357
79
95
78
90
79
113
75
66
73
99
80
92
123
88
64
82
74
74
70
86
55
112
99
63
88
92
77
77
81
151
104
80
52
73
72
60
74
50
86
119
106
67
76
95
96
105
115
126
100
99
81
117
79
70
67
65
93
121
80
82
66
78
82
80
83
74
65
72
92
63
82
114
98
57
89
77
85
77
92
148
76
79
69
103
96
71
105
103
99
101
90
91
72
72
86
81
80
103
88
83
81
82
86
109
87
72
106
89
92
68
97
120
106
86
88
86
99
113
63
126
133
86
68
60
88
65
109
115
74
98
126
235
95
81
80
93
82
72
84
105
119
149
90
87
88
65
126
76
182
148
1153
558
136
90
80
103
97
71
102
85
79
95
85
72
95
68
82
79
68
63
138
88
77
93
79
90
117
79
83
92
73
72
81
83
92
101
94
72
83
61
86
114
105
78
85
73
74
80
72
88
91
89
69
99
83
96
121
89
95
113
101
66
78
78
168
158
94
98
110
128
112
64
82
72
71
106
112
92
78
87
61
79
69
75
56
81
85
105
79
66
61
55
73
74
68
83
106
65
62
148
94
90
87
76
81
105
89
74
70
98
75
90
89
100
70
69
118
151
79
92
74
87
98
93
80
77
61
79
53
93
69
56
82
77
70
85
79
77
92
59
63
77
75
72
79
67
67
69
84
62
75
62
53
106
98
95
72
68
75
69
95
87
83
69
90
88
86
81
89
77
69
77
79
79
135
105
161
132
123
92
77
69
66
123
77
65
101
56
77
78
63
90
76
75
120
110
95
64
102
88
97
76
71
144
129
85
115
122
90
73
80
81
98
76
110
112
134
66
83
86
72
103
71
60
76
84
80
67
95
79
85
79
85
85
72
69
101
73
79
66
92
71
53
102
58
69
116
65
50
76
66
53
70
84
65
67
53
109
90
80
62
73
54
107
102
72
80
86
47
79
79
70
65
90
126
134
88
79
75
77
73
50
63
51
59
70
49
65
79
80
85
101
107
131
84
71
108
101
75
69
90
66
86
127
103
105
96
87
107
114
86
101
89
75
88
95
172
104
90
98
271
99
116
90
113
108
102
127
106
90
101
84
96
105
85
108
93
223
85
77
75
88
92
61
71
56
78
68
96
80
82
60
72
90
101
82
124
87
62
69
80
78
123
129
91
86
92
72
82
77
74
76
73
66
80
86
78
107
110
83
998
556
63
94
128
102
69
104
75
80
91
85
88
101
100
87
222
138
107
90
64
63
68
52
76
88
103
57
83
100
137
59
58
67
86
65
115
210
63
58
101
57
70
87
73
105
74
115
111
80
75
74
68
94
108
103
72
99
88
81
96
115
83
77
93
63
175
117
109
163
96
97
106
77
90
91
93
76
79
138
73
94
66
93
114
109
103
74
90
65
82
82
65
61
118
143
274
86
123
60
77
46
148
70
66
80
57
77
120
75
85
78
67
69
152
100
92
82
95
145
102
98
81
89
85
62
73
190
129
82
82
103
97
325
83
142
182
113
101
91
100
225
115
204
125
132
93
95
137
99
89
87
123
804
516
337
65
109
75
62
266
67
114
117
92
134
100
154
154
200
284
98
124
125
125
135
109
120
92
107
98
93
242
77
89
74
63
70
77
50
63
75
57
157
80
76
62
50
53
62
70
232
82
131
78
242
95
78
73
164
130
77
67
97
240
108
246
111
236
125
80
88
64
74
84
115
116
62
97
121
88
76
88
65
66
66
66
64
84
105
62
72
72
83
74
86
81
88
90
60
64
90
124
109
109
103
86
139
94
131
127
118
86
85
51
84
157
123
87
124
171
100
252
93
130
75
72
120
85
169
61
72
71
53
68
66
103
139
131
72
105
69
82
107
111
79
87
88
104
148
163
94
120
129
136
89
79
193
189
152
85
102
94
121
107
87
77
90
85
84
71
80
75
116
97
93
83
63
77
102
80
87
98
111
104
118
90
118
104
91
92
92
84
97
90
71
74
80
76
70
75
78
67
57
141
109
76
79
78
58
81
160
85
68
94
85
137
106
95
188
160
130
95
97
99
100
100
71
77
106
81
78
100
76
52
71
59
97
116
120
76
97
163
82
109
128
154
136
188
106
192
133
80
163
96
83
75
71
87
136
97
89
80
92
98
106
93
75
91
77
90
91
71
73
64
67
81
109
108
74
75
69
101
77
80
90
101
91
83
114
111
70
72
115
70
98
113
57
67
103
79
58
92
131
125
89
66
89
86
66
90
125
134
108
75
59
68
76
73
156
159
177
146
93
120
114
68
62
108
155
95
96
106
70
53
112
137
77
91
115
72
163
135
77
192
96
77
76
76
60
126
56
77
84
97
82
82
86
60
70
68
64
81
98
72
102
153
333
195
84
101
95
65
84
104
126
134
287
170
141
85
59
72
74
85
80
69
71
54
85
159
269
68
87
73
70
87
73
83
72
72
97
77
86
107
140
90
71
65
70
63
61
75
64
271
199
123
134
111
143
145
103
97
80
88
69
79
99
59
74
114
92
91
97
90
73
82
103
105
89
94
73
165
131
87
1032
569
76
84
55
93
93
120
198
109
78
75
80
89
90
67
92
125
111
91
91
101
84
108
81
78
80
89
156
61
61
85
88
85
102
112
80
123
90
67
80
73
106
78
145
210
138
90
91
103
123
99
115
101
100
60
78
94
129
88
90
101
124
68
96
109
97
95
103
135
88
89
86
100
106
108
89
146
86
91
133
88
109
161
100
99
97
71
87
89
126
157
85
122
116
101
84
82
87
100
90
110
131
90
84
81
76
109
103
76
117
100
135
84
92
77
107
148
95
110
68
101
112
95
83
113
87
94
80
71
100
102
79
77
80
139
102
78
91
89
109
92
102
84
72
99
105
72
77
128
98
93
80
67
89
92
95
51
60
87
87
84
116
98
126
87
93
84
92
302
291
518
182
102
98
112
101
83
72
336
192
132
289
409
273
118
114
112
139
158
80
79
302
153
189
103
111
104
118
115
88
250
216
86
118
110
109
189
93
152
104
190
89
118
125
97
86
156
108
91
99
86
187
200
123
74
88
177
137
192
87
122
78
206
98
57
103
107
90
82
94
91
83
88
97
68
149
102
76
90
135
110
120
90
179
131
138
98
102
91
118
106
101
94
117
190
110
141
113
97
80
248
223
72
82
86
87
92
105
121
181
144
102
115
98
109
83
89
115
131
88
100
69
78
54
65
92
63
78
82
208
101
102
75
101
117
82
87
200
98
123
161
162
99
86
93
107
92
82
60
74
85
90
103
99
85
88
51
107
106
198
90
62
89
85
124
92
71
82
151
88
139
80
185
122
135
91
57
98
68
99
52
146
212
105
91
105
120
84
106
118
94
115
93
69
111
108
113
112
84
70
90
86
90
62
110
99
89
67
96
70
82
102
91
77
79
73
98
79
70
75
112
86
64
69
73
63
89
134
77
164
181
117
104
68
55
88
188
85
98
97
87
137
90
90
114
104
82
58
250
244
136
79
96
114
118
86
116
68
76
109
278
78
96
74
85
66
66
93
120
116
128
135
110
79
84
73
101
206
116
229
180
116
79
88
103
110
95
110
133
103
247
184
121
96
110
118
233
160
132
111
115
128
95
134
120
71
160
1377
593
117
87
105
110
102
68
92
131
194
141
129
117
76
87
70
64
101
152
212
203
205
154
145
178
161
255
115
438
220
152
257
217
103
78
97
71
71
62
117
122
75
80
132
105
86
86
103
93
153
116
113
93
83
62
73
74
123
95
140
92
100
118
76
145
104
100
136
101
95
67
97
127
97
95
66
65
75
100
107
109
126
161
110
129
119
115
110
91
121
167
146
214
222
111
124
138
123
93
117
187
293
194
119
138
116
119
72
112
136
108
107
614
241
184
135
105
131
209
154
111
76
109
84
102
108
102
89
96
116
142
115
192
172
143
149
188
563
242
114
132
142
171
197
183
131
200
202
250
187
221
522
369
87
321
159
239
87
122
303
225
234
109
194
175
81
165
266
178
107
102
169
158
140
154
109
186
132
131
88
77
167
286
162
639
293
103
111
77
76
97
83
86
62
135
409
340
299
224
148
168
203
151
150
196
150
114
430
168
117
86
168
145
154
189
168
112
120
122
126
610
307
81
99
151
216
176
103
62
74
69
88
209
531
151
118
146
497
270
219
77
111
112
80
251
477
112
178
141
130
164
109
228
159
105
150
194
432
185
189
71
164
250
127
167
88
285
236
298
86
60
83
155
84
101
128
479
124
87
72
110
121
68
57
101
141
94
72
70
71
70
76
263
153
195
93
116
204
119
106
114
98
237
202
101
106
111
243
93
187
105
115
112
105
246
187
238
147
71
72
84
63
69
100
104
121
74
118
114
60
83
72
67
55
82
64
58
69
92
75
100
84
85
86
81
96
60
86
56
85
109
81
113
146
118
111
65
59
56
60
123
92
107
313
103
73
65
107
78
95
145
68
77
78
61
134
93
144
80
95
87
150
111
1115
616
83
79
70
63
81
73
63
74
85
116
131
97
104
95
77
58
74
73
80
91
123
115
72
77
69
106
100
75
86
100
118
86
154
110
100
76
69
76
82
76
212
138
73
82
90
64
111
75
69
108
145
153
99
59
110
134
100
70
122
102
60
96
90
76
179
82
111
158
102
82
99
114
81
91
79
65
69
79
143
355
138
116
106
94
80
147
171
101
104
98
62
92
77
73
104
103
86
99
89
103
89
95
78
59
101
71
93
117
161
102
81
71
74
110
82
139
106
129
125
100
113
89
81
69
81
125
229
192
151
138
97
93
128
84
75
111
107
124
98
99
180
107
135
95
81
81
104
82
92
115
121
105
91
93
68
94
115
109
96
99
58
94
80
84
68
81
82
100
63
99
102
107
75
74
106
75
68
76
82
90
57
73
69
66
76
68
86
110
87
99
82
111
1006
572
72
87
143
58
62
68
117
123
88
73
81
119
160
82
102
98
82
89
77
101
68
82
69
76
58
86
86
70
110
94
94
135
145
79
96
117
93
137
101
85
91
146
134
80
107
97
100
89
90
97
79
118
248
95
66
99
88
75
89
114
84
73
93
81
89
78
92
68
77
82
78
65
76
86
1240
68
307
686
194
96
108
79
84
72
79
109
97
90
88
82
114
84
91
93
106
117
66
65
99
109
70
102
111
93
588
233
164
66
92
103
128
109
65
95
117
96
123
108
87
71
79
101
100
104
87
96
135
90
85
89
137
92
99
101
121
99
128
113
99
86
97
101
103
121
117
117
111
104
112
110
104
117
99
79
