114
109
267
176
229
90
121
87
90
89
89
76
91
121
103
103
110
94
161
100
90
82
74
78
82
94
173
58
58
54
79
109
95
76
83
58
64
90
52
90
99
101
75
75
107
105
47
85
94
152
565
457
159
78
100
89
110
124
90
105
103
135
91
57
69
54
52
136
90
91
85
58
70
59
76
90
82
72
67
75
71
93
47
101
88
228
162
138
60
85
73
85
118
87
59
53
62
60
120
260
124
115
132
186
172
241
183
108
131
429
273
116
927
551
504
65
78
56
64
100
117
133
109
85
54
78
112
144
125
120
61
71
58
149
121
121
81
57
70
86
76
92
85
75
82
129
189
160
123
260
233
117
97
164
87
97
74
110
113
78
133
175
135
141
201
76
215
152
80
63
75
49
123
187
81
113
82
73
119
86
92
85
66
57
65
58
167
593
468
166
240
114
85
108
88
77
128
130
94
66
122
96
89
82
86
62
81
67
91
73
108
121
81
99
82
74
70
52
69
83
130
142
144
78
122
117
81
97
78
78
61
55
100
89
132
71
67
92
80
136
207
206
151
77
94
76
82
84
74
68
67
61
99
115
65
48
62
64
99
107
64
69
61
76
63
61
56
68
74
72
71
55
64
59
48
81
108
90
64
59
83
59
112
52
66
62
78
56
79
185
69
86
44
49
101
59
64
68
89
76
65
56
54
62
83
55
61
60
73
63
91
55
83
90
69
88
83
81
65
102
54
82
88
106
61
87
87
77
77
98
65
58
67
148
131
74
64
60
65
68
50
70
70
78
66
212
144
73
60
83
77
41
67
44
53
63
79
107
53
75
84
100
121
72
85
83
90
76
89
90
88
57
51
60
66
83
74
81
66
60
86
104
101
78
93
65
62
82
53
68
61
69
68
73
72
50
41
57
56
95
58
68
71
58
72
101
101
70
46
50
54
66
72
63
86
51
129
128
62
49
64
85
61
81
79
57
64
52
64
56
80
72
61
79
80
77
84
60
65
85
91
64
62
87
76
220
254
69
88
70
79
76
79
70
97
85
64
94
202
85
103
82
65
75
60
102
128
146
86
70
56
64
74
105
81
72
101
99
106
77
79
59
105
80
99
112
83
118
97
99
75
79
63
95
54
77
79
81
72
57
64
46
61
69
93
81
84
79
69
109
86
63
74
97
92
70
82
74
67
72
88
90
67
93
81
65
75
72
78
93
79
132
101
90
82
82
81
87
64
63
90
74
64
104
83
86
159
113
53
79
72
77
68
66
65
96
50
64
90
70
56
52
76
69
81
89
54
64
52
66
42
56
59
80
79
103
64
309
56
86
70
83
84
95
67
78
136
54
64
56
353
417
77
73
68
86
78
43
67
79
60
63
62
42
98
72
75
62
89
87
89
69
78
76
83
50
84
59
59
55
67
61
85
86
87
109
82
65
83
76
72
67
80
67
90
77
84
87
79
87
65
81
72
53
96
73
67
90
73
60
73
74
84
128
136
70
72
66
57
46
83
76
60
66
124
62
42
46
120
163
65
79
149
92
76
98
89
84
81
45
115
111
130
172
83
55
70
67
70
79
81
70
75
49
64
59
72
72
301
55
43
54
70
64
73
123
73
71
70
78
64
99
73
96
75
62
72
102
56
71
71
68
73
69
66
106
107
74
68
101
74
67
74
124
77
71
80
67
74
89
57
67
77
87
86
64
71
58
105
99
118
96
67
88
85
92
80
87
67
59
91
129
79
61
54
62
43
42
56
80
60
100
81
74
55
44
57
67
70
67
84
62
44
71
84
77
85
69
95
60
55
66
92
84
70
86
77
75
54
49
61
81
45
75
72
72
49
79
60
63
65
54
55
106
42
68
84
53
72
69
82
81
86
65
69
68
50
54
53
66
43
55
77
73
85
55
191
166
67
119
74
55
78
46
64
83
73
76
59
70
82
78
75
80
61
68
52
83
109
79
130
196
92
53
71
46
74
91
57
110
83
91
79
70
59
58
58
80
60
100
86
62
96
82
85
68
54
69
71
50
63
55
89
65
55
64
99
78
78
101
94
65
71
85
69
66
63
46
70
86
93
50
69
61
85
50
65
75
72
46
77
62
79
58
65
76
222
102
80
632
119
78
57
49
50
43
71
62
82
71
43
69
72
61
46
54
59
58
50
49
55
62
73
52
68
50
75
66
173
85
84
68
78
67
56
53
56
37
48
55
47
61
54
78
78
75
210
2273
57
1278
249
198
83
98
71
142
254
95
76
96
95
89
88
86
60
102
106
85
68
79
82
95
90
89
81
170
154
112
97
111
96
105
94
86
68
99
101
68
64
82
70
53
62
73
65
77
62
59
68
58
54
72
67
81
56
58
60
79
53
68
57
75
67
65
55
65
59
117
99
53
69
96
56
61
64
87
54
79
72
70
81
102
72
56
128
86
57
79
66
92
91
85
53
91
85
51
83
119
75
52
103
147
145
83
70
56
57
50
69
79
67
70
65
78
69
58
36
55
67
54
50
109
62
44
66
63
73
88
77
105
64
57
119
80
63
83
63
57
70
79
66
123
83
99
68
87
73
108
61
61
57
122
76
122
115
93
80
96
94
56
168
228
53
80
74
70
64
54
80
212
90
86
619
77
80
62
57
51
62
176
120
65
59
58
57
60
81
82
49
69
68
155
122
231
74
83
60
69
183
76
82
68
89
108
62
94
98
82
75
81
45
90
68
105
87
54
134
98
73
115
156
94
122
139
98
75
370
112
598
836
265
81
105
104
68
84
54
157
97
95
56
71
61
60
84
109
66
56
45
111
77
89
263
121
111
79
70
92
83
395
218
547
85
74
75
66
66
207
68
87
60
60
58
82
62
66
53
100
105
87
61
49
45
37
606
476
125
82
65
221
203
124
112
95
76
70
47
72
166
128
92
155
94
75
91
80
71
60
75
94
450
71
54
71
82
71
33
63
50
48
48
51
69
68
52
73
52
39
53
46
40
49
34
70
60
63
62
72
93
137
82
67
95
64
74
110
94
84
61
61
49
122
70
66
94
204
118
51
70
63
53
63
84
128
50
84
54
70
39
53
49
98
67
465
87
72
58
75
84
70
78
74
73
83
145
57
85
92
519
209
206
186
126
120
74
98
79
489
104
66
68
54
74
73
42
55
73
65
56
59
55
57
62
61
88
84
59
85
94
131
91
98
71
98
87
92
75
105
54
54
69
49
49
70
62
44
72
48
71
45
68
85
67
41
43
48
51
56
57
64
76
130
80
151
78
130
84
76
81
88
68
66
58
74
74
105
189
326
63
63
54
61
74
442
329
87
84
78
466
169
139
81
154
132
147
70
78
64
36
114
61
55
40
73
85
57
87
53
69
65
85
62
92
75
52
92
87
60
53
52
61
69
47
82
61
57
80
97
60
60
56
70
86
59
71
58
67
55
73
68
67
80
53
37
68
53
67
49
142
124
77
70
57
80
45
42
150
99
97
79
36
58
165
184
109
73
121
94
433
108
328
29
41
46
169
57
69
72
93
55
73
123
83
94
99
556
161
136
198
137
154
117
58
44
36
117
96
62
70
49
48
83
72
34
38
45
69
65
99
71
103
83
83
365
156
115
107
42
50
78
84
73
75
50
119
94
61
38
85
61
60
47
36
38
55
75
59
52
43
84
58
40
52
57
39
43
61
98
74
61
91
349
50
61
45
44
50
43
64
64
522
416
149
103
149
109
95
148
194
124
109
77
65
58
52
109
72
98
77
52
59
72
109
455
335
82
53
70
150
482
69
100
100
66
76
53
71
69
68
172
123
62
63
58
133
103
103
82
139
196
106
96
112
60
94
60
80
89
53
51
54
55
61
50
137
92
240
187
82
48
59
83
85
61
63
104
67
73
65
127
144
119
116
78
93
74
84
70
60
82
58
77
80
87
51
81
79
60
79
68
84
87
77
66
91
64
84
258
125
67
129
96
93
100
496
322
163
80
75
69
60
112
121
93
61
99
103
57
74
73
68
94
67
432
62
87
59
75
125
103
71
107
124
112
85
90
71
115
170
95
56
78
79
114
92
75
93
74
87
71
82
89
74
100
62
83
106
82
82
72
80
88
120
109
97
50
82
92
50
98
130
115
71
85
60
54
107
69
42
52
71
74
71
68
120
72
81
361
84
75
64
108
139
89
89
471
340
155
60
62
537
150
141
68
115
86
54
103
114
102
91
79
90
78
100
80
66
86
65
94
86
59
62
79
69
63
69
101
88
175
106
155
100
70
88
74
74
75
71
70
82
83
79
107
149
105
78
86
87
205
129
129
76
76
94
52
93
72
80
78
60
95
77
60
78
64
91
51
111
67
92
74
77
78
337
133
86
120
72
92
84
99
91
229
508
271
102
71
105
473
82
69
214
196
95
61
49
50
94
77
102
107
98
89
77
70
148
78
99
144
109
112
69
43
54
60
75
45
63
63
79
77
68
70
62
68
86
84
81
83
96
313
75
91
102
61
81
95
68
82
333
79
108
116
94
106
97
84
86
76
113
85
85
110
63
95
69
52
54
129
71
118
88
346
118
102
72
91
411
357
76
77
77
52
458
68
84
105
68
85
124
116
86
102
85
56
203
84
85
78
76
49
62
94
86
63
112
77
73
82
117
57
68
116
103
62
42
68
153
88
70
64
66
74
64
44
40
61
114
106
86
83
132
100
76
97
49
97
219
90
87
78
53
85
130
82
92
183
66
77
90
129
89
103
71
110
79
93
344
72
77
91
276
138
436
341
54
60
123
109
197
684
199
146
104
81
77
52
127
107
89
118
147
79
101
71
58
93
86
144
139
156
220
166
118
85
109
100
343
148
142
98
125
113
70
165
101
55
79
202
136
131
86
74
107
109
104
79
96
90
189
125
150
100
110
96
57
97
119
161
155
233
199
117
216
269
164
127
307
204
183
172
181
128
341
107
101
57
62
72
100
446
351
80
67
58
74
71
60
114
69
65
89
63
80
72
73
69
93
98
92
113
110
86
89
107
77
109
88
66
68
66
65
78
112
73
62
60
61
84
79
109
327
216
178
82
106
113
125
116
106
92
123
212
190
113
95
115
128
111
182
332
221
194
145
155
139
91
129
105
103
118
320
268
128
186
603
492
122
137
83
515
114
90
99
85
138
85
82
130
117
152
133
130
144
183
179
371
245
157
100
128
399
222
169
146
110
105
232
140
134
455
207
167
329
182
131
89
83
257
190
167
124
169
225
107
107
188
207
133
126
183
121
128
122
100
120
205
155
94
87
240
194
190
399
269
107
122
94
90
408
210
78
62
120
361
232
129
304
521
642
178
225
184
142
105
96
352
204
135
80
179
215
323
240
89
95
130
129
99
424
397
118
92
267
237
241
98
56
72
84
77
245
138
124
117
128
191
168
302
79
137
114
86
85
762
247
409
103
112
211
164
268
134
122
94
214
332
124
107
72
240
288
274
145
105
386
181
428
126
64
87
75
53
57
140
110
104
86
583
136
93
50
42
92
83
76
67
68
66
50
68
120
100
103
87
88
90
129
95
65
56
131
93
95
113
74
118
189
209
123
130
109
525
550
208
99
141
70
79
70
64
62
59
89
151
95
51
69
56
65
60
44
59
54
53
52
80
61
64
84
83
65
66
60
113
62
64
56
69
79
51
70
68
120
86
66
61
78
34
53
111
135
51
89
94
168
515
60
616
227
146
72
50
55
100
64
115
83
71
58
53
89
78
105
313
94
244
40
43
60
79
84
78
54
64
90
52
68
68
299
50
42
51
80
68
50
66
52
72
69
73
45
90
109
100
82
85
61
92
82
95
85
62
53
55
77
103
90
66
59
72
83
71
59
71
69
72
80
55
107
89
127
540
382
60
115
73
78
75
72
97
64
68
87
76
76
128
85
72
79
66
57
56
90
281
114
97
117
71
70
80
100
94
113
83
94
83
60
69
73
70
102
78
110
108
114
62
89
90
89
90
121
163
124
106
77
74
89
118
182
119
158
476
377
80
94
91
85
80
101
967
269
145
130
107
81
78
76
90
61
105
71
97
173
597
366
94
83
84
82
105
110
104
89
98
99
106
67
89
63
148
150
81
71
83
84
220
166
91
71
69
78
47
57
88
86
108
124
79
79
60
50
89
70
47
65
64
50
83
90
76
75
95
106
96
48
60
75
223
175
70
42
68
63
67
106
69
98
57
63
84
63
60
69
105
446
503
86
88
66
78
62
70
69
80
73
77
59
92
105
122
86
141
109
108
308
100
264
85
110
88
133
74
93
70
80
84
67
76
78
164
178
57
59
49
81
58
107
68
79
77
68
54
52
72
63
74
65
59
73
51
112
198
77
122
139
100
470
74
472
70
77
58
73
78
65
80
94
119
78
88
60
86
103
50
46
553
68
69
89
79
83
135
203
149
96
100
71
93
155
102
83
63
152
85
115
102
60
79
92
80
89
106
70
95
58
113
49
68
80
71
104
133
67
80
112
91
120
86
135
107
70
95
83
87
420
85
76
94
77
113
67
82
