36
34
28
43
43
31
28
91
42
26
28
42
39
32
30
37
28
32
32
38
30
26
29
31
30
36
32
26
20
25
24
28
32
44
25
26
36
24
24
20
30
39
35
27
42
36
27
31
46
36
165
118
154
26
26
34
32
38
45
54
41
43
33
66
53
27
19
39
31
26
33
25
20
31
33
34
41
42
34
33
42
38
27
30
30
41
94
40
31
34
20
34
40
46
27
22
21
28
29
18
19
32
35
50
58
34
92
50
34
33
38
23
39
136
136
27
27
59
58
36
41
58
69
50
34
30
29
83
52
50
48
26
34
47
69
51
29
40
29
36
30
38
29
35
57
56
92
45
59
106
94
57
44
58
45
28
50
37
39
44
26
45
82
49
73
42
44
76
28
36
28
25
24
33
48
35
45
21
26
33
30
31
37
30
20
24
40
147
167
67
34
36
35
30
26
39
33
41
75
51
33
31
38
30
31
46
35
28
25
25
26
65
53
51
51
26
25
32
32
26
32
40
70
77
41
45
42
23
38
48
46
34
109
84
56
71
30
23
48
33
57
79
58
67
66
40
23
83
21
29
37
20
31
31
35
25
23
22
27
27
32
21
14
26
44
21
23
26
26
19
21
27
17
34
20
20
35
34
34
22
26
42
36
38
27
35
32
32
30
33
58
28
33
22
19
26
25
28
31
49
39
24
26
30
42
34
29
29
25
29
22
41
28
22
32
33
35
29
21
28
42
31
33
48
47
28
32
39
31
29
27
33
43
46
54
57
25
21
36
32
45
37
30
26
34
40
19
22
36
38
35
44
28
22
19
28
23
36
50
32
29
35
36
28
48
48
38
82
36
25
27
30
36
19
29
24
26
34
36
30
58
33
38
38
32
35
28
29
32
30
19
24
27
20
26
33
24
30
28
20
36
24
29
33
46
34
67
65
22
14
23
17
28
39
43
28
22
105
232
58
29
23
23
27
26
40
32
21
20
27
32
27
38
32
24
29
45
37
29
24
46
38
35
24
29
21
27
29
22
24
23
48
42
32
31
30
27
31
32
28
45
47
40
30
34
19
27
30
27
29
19
22
20
24
24
28
23
34
55
34
32
29
26
39
36
23
41
113
104
51
26
25
32
28
25
23
22
21
32
29
24
33
24
18
16
21
21
24
22
25
36
35
29
28
20
21
26
28
35
20
26
24
29
30
30
35
27
47
28
18
29
30
21
38
67
51
34
38
33
29
30
49
30
29
29
32
28
236
210
36
35
27
31
24
26
28
31
32
31
29
33
23
31
22
25
39
34
37
18
25
25
22
24
28
23
29
32
25
33
157
35
34
37
44
31
36
26
38
41
31
22
20
24
29
34
29
26
28
30
48
31
40
29
26
31
26
34
32
86
18
30
24
34
30
40
39
28
28
27
26
24
57
34
31
38
27
38
36
25
20
26
23
29
19
34
36
27
34
38
28
33
30
31
40
25
21
28
33
29
30
34
24
32
58
41
54
41
30
22
22
24
24
36
32
27
34
34
34
37
21
27
36
29
30
28
25
27
36
40
35
29
24
15
43
31
61
44
32
35
26
23
35
45
42
40
34
31
31
27
32
137
42
23
21
28
28
29
45
40
27
26
26
27
29
26
30
26
24
30
63
37
34
33
25
21
20
25
34
86
32
33
25
25
26
24
29
18
37
28
18
38
31
23
29
40
37
31
27
22
18
26
49
82
59
35
39
31
26
24
32
27
34
38
57
35
30
25
21
20
20
19
35
26
33
39
31
22
18
24
25
28
21
25
28
43
33
45
33
33
32
24
32
22
26
27
26
30
21
25
39
33
19
21
17
20
30
23
32
20
22
28
24
26
23
24
19
23
19
17
31
29
29
28
31
38
21
13
24
25
27
16
21
13
13
22
21
20
34
30
46
39
24
37
20
23
22
30
25
81
26
29
19
40
38
26
35
21
20
26
25
26
48
22
42
32
52
26
24
21
25
24
23
29
36
31
25
22
31
33
19
21
38
37
26
43
54
27
25
30
22
42
60
44
52
40
26
33
23
28
28
32
36
35
49
50
43
33
41
39
27
18
26
31
27
18
24
26
41
21
20
35
21
24
20
24
23
25
26
23
20
34
43
24
26
24
18
24
17
16
13
19
26
19
29
26
30
30
20
22
21
33
27
15
28
27
18
26
29
19
50
36
38
40
43
37
27
26
24
18
71
15
17
19
26
23
18
27
19
34
25
34
35
34
39
40
24
35
41
36
51
31
36
32
41
27
35
37
27
34
33
25
31
36
38
59
42
30
24
233
210
39
40
36
34
42
37
43
26
20
33
29
27
34
15
19
22
18
23
23
22
20
21
19
15
19
16
24
22
18
17
23
24
21
20
22
20
16
23
37
23
38
22
27
22
20
24
19
13
25
22
22
29
35
26
21
25
27
43
40
27
25
34
25
26
27
20
31
28
40
41
61
40
43
43
57
29
26
22
14
62
21
24
20
22
18
16
16
31
23
11
14
17
29
14
22
50
22
34
25
17
23
25
32
26
38
40
21
29
27
31
20
26
38
43
30
43
43
24
31
36
27
19
29
20
37
45
32
43
38
33
25
31
33
34
65
35
39
26
19
22
19
29
23
37
45
20
25
17
26
27
25
17
21
46
40
21
20
20
20
29
32
19
19
26
19
57
24
28
23
16
20
30
28
47
28
22
23
48
51
35
32
27
36
17
42
21
26
55
27
38
69
40
25
42
49
84
86
32
34
141
60
226
93
149
39
45
24
52
49
67
28
54
30
33
24
30
23
17
47
29
33
54
62
55
26
47
51
47
58
41
25
31
162
58
137
38
27
24
19
25
82
27
21
28
20
11
22
23
20
19
20
76
48
28
35
22
21
89
88
56
34
61
35
76
61
48
31
59
53
36
24
48
48
31
56
24
51
30
28
37
19
21
23
141
46
19
36
34
29
36
21
24
20
22
18
25
18
37
29
20
17
16
12
20
14
42
44
17
15
19
47
46
156
112
43
41
31
24
49
178
50
103
17
20
60
42
49
36
30
50
86
14
55
38
38
34
30
48
19
21
16
17
22
17
18
46
79
96
17
29
20
27
23
23
24
23
42
33
54
37
25
35
153
151
38
31
100
44
44
37
137
50
36
54
22
26
28
19
19
25
21
31
32
32
35
30
27
34
33
24
26
27
43
35
25
40
49
52
47
45
43
32
23
26
20
39
18
20
19
19
29
19
26
34
30
35
21
21
18
24
21
20
23
24
42
47
38
43
56
50
73
32
37
37
30
20
25
29
19
61
143
41
30
30
17
69
122
46
44
30
60
61
32
41
56
22
26
49
53
48
39
32
26
30
29
23
27
31
44
25
37
37
35
40
40
37
45
33
24
44
33
19
21
19
34
24
21
36
25
16
25
51
34
32
27
13
34
31
27
34
19
21
21
20
30
36
19
15
19
23
22
23
42
46
28
25
19
17
15
24
24
34
21
27
18
21
28
25
43
28
41
41
39
48
26
14
12
17
53
26
22
28
27
19
19
43
50
34
29
31
188
149
77
65
33
28
29
24
24
37
39
24
24
22
32
24
20
19
19
23
18
16
20
30
31
86
114
120
39
46
106
48
24
18
28
39
32
14
31
39
27
17
96
46
23
15
16
23
22
13
24
18
18
29
23
29
21
28
21
20
24
20
26
29
29
36
21
28
19
17
24
18
43
44
55
63
42
41
42
44
60
38
34
32
31
25
18
19
16
39
33
32
27
33
26
28
39
47
45
33
29
31
41
50
48
42
36
38
40
30
34
35
43
45
34
24
29
23
34
27
29
51
46
142
103
32
31
22
28
21
79
20
32
33
21
29
27
22
130
105
133
46
34
30
20
28
25
24
22
27
26
29
30
32
32
17
32
22
17
17
20
32
44
102
27
33
29
30
83
40
39
29
43
48
38
24
34
24
37
37
27
36
44
26
32
42
31
36
48
36
31
23
14
29
25
36
38
31
19
21
29
32
16
32
29
29
39
30
27
18
22
28
38
25
27
34
39
39
25
30
21
26
44
27
25
30
22
26
30
35
28
18
29
25
21
26
31
30
21
27
33
56
15
23
36
34
32
50
32
29
90
31
23
38
35
43
28
27
21
46
34
31
18
16
20
35
35
38
28
20
45
32
34
32
34
29
47
38
36
43
37
37
24
21
51
56
55
57
54
51
36
33
31
40
53
39
27
45
37
40
32
30
43
40
33
32
31
42
32
29
38
29
47
47
52
51
45
35
33
34
26
29
31
38
27
28
33
54
68
77
32
60
81
69
63
40
37
22
36
27
25
34
45
30
32
29
25
32
30
27
23
34
39
37
25
35
34
36
29
47
53
63
32
26
36
39
39
37
48
44
38
90
50
32
40
35
45
40
50
69
47
91
35
105
56
79
49
34
40
31
42
33
98
39
91
50
28
59
22
27
28
34
21
25
44
29
46
35
29
29
31
38
24
39
24
34
28
47
30
23
37
28
28
30
20
24
20
30
60
39
43
64
31
57
61
38
22
40
43
28
74
39
30
30
29
69
53
83
46
54
38
53
48
45
30
44
29
37
33
59
29
29
37
38
28
52
25
77
35
25
27
58
37
25
39
33
32
24
27
19
27
75
39
36
35
25
24
31
24
33
33
75
30
45
25
19
27
26
33
54
21
36
30
46
41
43
37
61
53
34
47
28
54
50
49
40
27
32
38
46
44
46
73
27
39
55
54
69
45
41
64
45
34
34
58
34
147
74
42
26
40
39
24
19
38
79
99
658
223
144
337
229
187
167
115
170
329
1048
27
29
28
34
49
61
60
52
82
75
87
39
60
74
58
86
45
55
51
48
43
31
37
51
35
33
108
67
39
32
28
28
22
32
35
42
102
64
42
35
37
26
44
40
52
64
110
55
84
69
40
76
98
144
44
76
74
60
76
52
41
35
51
34
19
24
35
48
34
48
29
32
32
31
35
30
35
40
33
37
25
28
28
39
28
38
42
47
35
43
24
44
41
21
30
37
29
26
37
35
39
38
30
37
16
38
34
43
34
67
61
56
52
52
53
51
47
44
34
45
44
52
34
29
45
30
29
51
56
80
61
103
77
36
30
35
35
26
33
111
82
67
168
132
80
41
45
117
138
37
36
33
27
20
25
29
23
30
38
46
60
39
59
57
148
95
37
38
33
78
82
76
48
111
60
58
51
33
99
64
59
107
88
46
76
56
59
76
90
63
91
48
33
43
56
102
48
51
74
57
40
52
51
38
43
50
36
39
90
79
74
139
107
68
68
42
57
128
86
29
26
27
105
85
49
90
196
187
80
70
58
39
67
27
88
49
30
29
60
90
65
47
63
47
50
40
57
91
89
77
61
52
76
94
66
26
35
30
31
36
107
146
116
293
454
89
67
60
40
38
32
49
203
88
154
55
57
70
61
66
49
37
34
50
130
59
40
26
40
53
55
76
51
68
102
87
93
24
21
25
31
23
49
78
37
38
21
28
41
37
20
26
32
31
34
29
39
27
28
35
38
38
42
51
34
34
32
35
28
25
36
48
39
27
57
56
68
42
63
43
152
105
160
75
52
36
27
38
24
20
35
25
39
36
35
38
33
20
21
20
14
25
35
29
18
27
27
38
42
32
35
30
34
32
25
24
23
25
25
32
41
24
45
37
18
22
22
28
29
34
34
51
74
23
164
282
34
36
335
145
25
21
39
37
53
33
24
28
28
23
52
57
53
26
117
39
23
22
29
19
24
31
33
39
36
35
34
25
23
26
21
35
39
24
29
19
28
28
26
28
27
32
38
28
32
52
28
27
30
24
31
28
27
30
36
29
33
30
24
35
33
24
34
40
37
41
32
61
55
33
128
173
75
18
22
27
26
110
47
31
35
46
38
38
41
37
33
27
31
26
18
25
43
59
40
48
30
26
169
396
74
49
64
31
34
31
21
25
73
90
29
49
54
37
37
34
30
29
22
26
38
55
40
29
47
49
39
33
71
27
76
151
79
40
73
37
20
27
34
140
59
65
101
84
32
40
28
27
30
32
33
39
142
148
46
42
40
26
37
43
47
36
39
39
42
30
31
31
36
37
36
26
30
38
38
29
27
29
50
32
30
24
28
32
32
34
35
37
30
20
31
29
23
29
84
26
33
30
26
26
31
38
32
26
44
50
26
25
33
38
35
34
35
29
61
33
38
40
38
32
26
23
30
56
128
127
28
29
26
34
29
23
24
31
40
32
36
29
43
44
41
51
43
52
38
60
25
36
40
39
33
34
41
35
78
31
28
34
28
71
45
27
26
28
27
27
26
25
35
26
23
31
25
27
34
24
34
25
21
20
42
357
32
69
298
54
135
51
140
23
25
19
31
36
41
32
32
38
34
31
26
26
34
35
29
138
31
30
26
38
35
41
55
50
43
28
28
24
38
45
18
20
45
37
34
31
30
26
26
35
34
36
28
25
35
30
29
33
28
38
53
31
32
25
30
30
28
24
29
26
30
27
34
38
28
38
29
24
19
37
25
