66
40
11
35
30
30
17
32
15
46
29
32
42
23
17
20
14
12
18
36
52
46
30
29
36
18
31
30
8
16
44
68
40
28
20
19
14
31
3
16
36
98
30
29
33
29
16
17
28
68
296
258
47
11
20
17
23
33
42
31
43
35
107
74
20
13
66
12
4
19
16
13
98
39
51
32
16
28
30
25
14
26
69
31
96
86
50
30
20
36
32
29
53
45
26
39
23
25
45
154
38
56
50
83
59
41
47
33
62
24
161
119
162
33
57
38
20
54
49
32
82
33
14
13
87
104
44
41
40
21
39
39
33
32
56
30
42
26
22
43
28
24
16
53
138
121
62
118
89
34
18
24
35
40
20
123
44
55
39
20
57
42
76
24
28
27
47
56
36
29
54
50
40
43
26
36
65
29
17
37
20
19
21
129
261
177
34
70
40
24
23
34
49
79
68
48
25
55
89
49
65
33
59
25
23
29
26
32
107
47
32
30
29
33
22
11
34
9
47
142
41
64
58
36
11
50
58
49
76
73
41
33
23
38
31
23
86
65
87
52
104
74
36
40
22
25
23
27
29
34
78
46
14
35
27
48
21
18
21
36
57
52
20
29
10
28
19
23
40
13
22
83
50
29
41
40
21
43
41
27
12
102
38
14
26
67
36
33
27
7
29
55
46
55
13
32
30
21
20
28
29
48
57
48
25
14
36
27
22
27
20
12
59
59
40
39
61
31
45
33
36
14
22
40
40
20
12
17
48
46
18
25
35
53
43
25
34
13
21
20
4
22
25
23
43
31
27
10
18
14
18
19
7
15
49
50
29
42
30
31
26
30
32
25
19
57
66
34
20
10
28
34
33
17
58
51
71
30
19
34
17
13
37
17
27
27
39
29
14
12
22
6
10
23
25
13
44
58
23
31
42
58
22
16
14
46
74
42
33
22
108
251
21
23
11
37
27
47
85
16
15
18
32
20
19
26
23
31
64
34
35
20
23
29
47
22
31
31
101
51
145
342
118
33
37
52
33
48
64
40
24
27
31
31
25
18
41
22
35
39
43
23
15
17
22
16
33
37
26
65
48
33
29
17
18
29
32
41
57
73
51
65
23
16
15
25
20
17
16
18
49
27
24
13
24
24
31
22
36
36
36
19
21
11
24
20
26
20
12
36
53
40
34
26
14
32
31
23
16
15
22
46
29
46
40
70
24
38
21
28
15
85
21
31
17
19
57
274
206
32
16
23
81
30
22
15
20
21
23
26
29
11
70
26
41
46
30
19
17
13
22
15
14
45
33
30
25
34
29
25
42
48
54
75
65
44
17
22
26
21
19
23
44
54
65
44
20
19
14
26
30
33
23
19
52
46
47
27
23
29
30
24
19
20
53
26
47
33
34
22
40
35
25
34
31
74
54
25
34
28
20
29
26
30
30
72
27
50
40
47
32
17
25
15
32
21
73
48
24
14
34
20
21
42
35
19
52
11
22
16
37
46
13
53
41
57
55
50
43
27
38
50
50
42
30
33
22
74
16
32
51
37
68
60
58
26
56
58
20
67
39
25
29
32
21
23
22
52
22
13
34
19
23
16
44
14
21
12
26
49
72
26
14
34
20
45
23
31
45
16
17
22
18
24
42
23
44
33
54
47
35
61
25
20
36
26
28
64
27
64
44
51
24
30
21
42
27
34
58
95
29
44
28
39
29
36
28
41
41
51
32
101
26
24
21
16
27
33
15
48
61
39
16
40
14
17
16
18
22
17
20
58
37
56
44
23
42
20
16
6
15
58
34
29
29
35
22
20
18
43
27
24
50
36
22
16
12
14
17
16
30
28
23
10
19
15
17
20
18
24
15
19
38
56
45
15
23
12
14
20
19
34
31
78
36
60
25
28
40
15
19
34
17
50
11
42
24
10
26
30
23
12
21
15
15
51
64
51
74
48
40
22
26
366
55
39
15
46
215
164
31
28
17
15
27
17
67
24
28
14
22
30
30
8
16
16
51
30
32
41
12
15
30
23
38
51
49
38
35
28
29
37
15
15
19
30
38
20
26
21
15
22
11
17
14
20
28
18
29
16
21
23
24
124
45
140
27
41
11
19
14
9
11
9
10
14
15
52
12
14
7
16
11
21
6
14
15
13
37
21
42
24
23
45
34
39
9
15
30
15
26
8
6
9
8
19
19
8
47
23
17
33
25
18
23
10
19
12
10
52
19
32
24
19
22
12
35
32
26
48
35
28
35
19
37
33
24
31
25
212
246
40
45
34
30
25
31
22
44
30
58
24
39
15
35
23
31
16
7
19
15
39
17
24
5
12
15
15
10
9
19
33
23
38
12
6
13
11
11
27
45
59
14
20
19
13
12
11
16
20
11
17
51
19
29
27
15
30
30
16
17
35
47
26
47
20
18
20
38
90
42
23
93
54
31
23
17
6
11
12
18
21
40
18
22
17
22
21
13
10
20
14
44
26
41
21
27
27
27
37
32
34
33
76
36
26
22
16
16
30
29
24
20
52
22
41
23
18
18
20
11
17
20
36
57
36
27
12
12
23
24
80
159
12
49
16
19
30
15
25
15
59
39
20
141
12
13
11
15
59
33
43
33
20
12
46
14
40
17
18
26
9
64
39
133
68
105
14
47
40
24
18
26
29
23
20
59
24
23
9
14
47
21
29
44
28
39
51
49
42
37
116
79
23
21
95
166
207
280
76
27
25
37
31
35
44
35
75
31
28
10
16
8
17
38
24
78
97
33
33
55
57
45
65
47
41
41
132
193
142
52
31
32
15
17
98
44
24
44
18
15
23
16
25
13
18
45
50
19
47
21
46
127
113
26
33
51
41
110
172
142
93
59
28
20
12
43
51
43
52
33
41
50
24
30
16
13
131
121
24
62
28
50
22
15
21
15
24
11
84
13
24
25
13
15
16
24
16
24
69
66
6
37
20
21
134
113
45
28
39
70
111
231
108
14
16
13
33
29
29
85
96
49
65
31
52
26
29
24
23
20
42
16
28
14
20
20
49
72
108
39
69
19
27
53
32
35
18
39
57
51
34
64
137
166
125
70
47
55
45
54
133
155
186
31
28
12
19
30
10
14
31
68
32
28
44
30
38
26
21
31
20
25
67
42
36
53
47
37
35
36
33
23
58
10
12
38
35
13
17
32
19
24
58
49
29
34
12
19
32
17
19
15
16
57
50
33
69
40
73
51
47
42
30
58
26
23
32
34
59
94
23
53
25
27
161
156
322
97
28
45
38
38
41
42
84
53
41
57
27
29
41
34
17
19
21
50
26
60
46
30
18
33
30
18
27
70
36
20
48
18
16
15
19
15
26
67
36
17
25
34
30
30
25
37
24
27
73
33
24
34
18
20
35
27
11
14
64
20
13
51
42
44
32
27
41
18
12
43
17
33
39
19
17
21
21
24
15
62
26
53
28
20
27
10
12
10
35
55
73
12
25
54
44
43
31
55
46
221
133
64
71
32
25
39
23
13
18
39
38
7
28
29
35
15
11
20
15
16
14
74
26
123
108
104
104
58
121
18
62
54
37
95
67
35
51
31
31
21
68
117
19
17
27
13
19
16
15
9
19
76
21
22
36
16
17
17
25
12
25
30
79
17
21
24
14
10
9
12
64
105
75
46
44
115
58
46
37
22
20
17
51
59
62
16
83
20
17
17
21
19
24
93
37
21
30
48
59
46
40
26
22
48
52
21
37
53
15
33
22
16
16
13
74
20
29
57
39
120
115
20
31
24
78
27
23
24
24
21
18
19
19
25
112
220
89
94
42
17
32
21
18
16
24
75
42
33
33
36
36
35
39
21
39
58
23
25
27
18
22
50
40
19
28
67
19
35
52
23
28
28
37
37
32
80
56
24
52
44
21
28
66
47
27
15
50
19
25
47
33
20
11
20
17
11
42
17
28
38
30
19
15
15
30
17
29
55
35
28
42
19
27
22
33
46
25
56
20
21
36
27
23
17
24
17
23
61
23
12
14
30
30
54
23
22
34
73
59
36
42
38
23
35
26
40
32
43
62
14
18
44
46
15
39
16
23
41
55
54
27
39
53
46
29
20
27
32
82
78
43
40
48
32
23
26
96
125
129
59
47
50
48
25
37
42
28
45
35
67
44
34
44
55
74
28
40
43
23
75
26
27
36
33
46
76
50
44
11
33
41
52
33
47
23
18
27
15
31
37
58
51
54
65
55
65
24
44
43
24
22
108
26
40
39
54
23
25
17
31
67
23
23
35
53
23
28
27
37
34
44
58
22
28
54
45
56
43
71
62
26
79
67
22
29
73
68
40
17
35
20
22
42
44
55
61
31
24
203
134
41
39
147
25
22
30
20
53
22
18
16
18
61
15
21
25
39
28
35
38
20
20
22
58
19
35
37
43
29
35
36
17
14
92
51
32
46
50
72
52
51
56
35
16
119
15
28
34
42
40
23
79
86
87
139
33
42
48
126
34
30
24
41
24
41
58
29
28
28
42
21
29
36
25
34
79
28
49
37
39
22
23
17
25
31
46
29
25
33
34
22
23
21
22
33
27
59
19
28
361
264
51
61
50
30
24
55
27
27
30
45
56
47
34
31
29
85
122
67
45
48
41
25
46
40
31
41
154
64
55
81
77
68
27
41
39
25
23
61
32
18
129
56
31
45
40
49
22
59
33
473
585
158
91
94
105
63
46
81
73
36
76
57
45
35
22
26
30
77
73
51
62
65
61
34
34
69
73
49
73
37
30
41
54
46
30
34
56
162
89
117
30
36
29
42
162
41
219
218
177
87
63
51
32
22
34
33
42
52
33
82
74
55
33
60
43
43
87
41
24
45
92
41
35
34
35
36
26
24
30
17
56
62
24
36
50
51
22
29
41
44
52
57
35
20
20
53
50
34
55
39
42
77
60
27
37
56
62
29
13
29
39
69
72
11
41
62
51
112
98
50
94
110
52
44
40
28
64
51
61
59
34
37
76
17
18
35
90
78
61
44
118
319
90
23
26
34
28
88
91
79
186
182
136
162
40
32
16
159
30
24
55
28
32
37
57
17
40
33
96
42
47
56
204
84
152
32
48
77
60
105
65
26
54
49
93
94
105
79
27
149
60
37
22
72
56
170
103
137
120
54
32
67
52
89
187
96
49
25
35
38
73
196
82
48
36
104
129
49
98
100
58
54
66
32
152
54
79
17
21
49
59
67
146
191
122
95
107
122
40
31
23
35
23
20
16
19
42
91
34
26
35
24
47
33
31
38
20
20
92
21
17
15
45
14
20
24
35
114
356
434
567
386
53
68
34
57
57
42
151
220
32
30
43
38
19
38
39
31
27
111
37
18
24
18
57
35
33
17
15
12
148
84
30
22
60
22
18
128
54
68
69
36
47
35
39
30
31
23
26
24
51
38
20
38
57
78
48
39
34
39
36
72
32
40
30
59
45
51
67
67
89
111
39
42
140
172
170
61
35
37
34
44
49
26
19
43
46
34
15
23
30
65
52
19
16
11
22
29
26
36
20
44
104
39
21
25
30
49
23
17
19
29
71
60
40
34
47
45
55
24
30
38
39
79
44
32
30
253
365
32
318
238
328
88
82
55
51
25
41
50
37
24
30
26
63
36
75
75
43
60
51
29
24
22
74
85
32
27
25
41
18
18
30
29
63
29
45
30
26
44
56
32
37
45
42
45
47
43
24
49
31
41
22
36
34
64
68
35
39
51
51
54
54
40
36
84
67
49
25
42
64
94
185
78
85
70
85
28
25
41
35
29
38
39
21
53
63
95
26
31
20
25
41
50
43
51
69
89
46
255
273
61
84
51
40
18
26
70
19
31
25
25
69
55
74
65
64
24
83
46
177
169
191
130
74
79
69
54
134
51
213
196
226
71
44
31
28
18
39
228
113
78
89
80
38
21
16
24
18
73
34
113
154
141
47
33
44
36
26
74
78
32
39
35
30
46
27
24
39
20
62
23
16
33
31
54
36
30
24
30
63
24
22
28
37
50
45
26
31
19
27
63
22
71
82
24
40
28
26
26
32
63
29
38
38
27
62
56
40
14
39
68
85
30
33
75
134
60
18
23
40
26
171
118
21
31
20
59
34
18
28
23
60
39
17
20
55
64
85
34
55
31
45
72
27
28
32
46
80
40
25
46
48
58
20
18
73
62
34
26
24
19
23
44
44
26
23
20
19
41
17
26
24
23
49
16
40
82
968
801
408
745
212
149
236
144
52
27
7
40
14
25
45
26
21
59
21
24
28
30
15
111
217
113
36
63
23
72
57
387
107
23
24
41
17
77
50
15
33
37
44
118
20
17
28
59
32
21
39
24
25
35
34
28
67
106
156
21
18
12
14
30
31
20
30
20
67
30
29
34
15
30
41
16
17
17
