38
41
43
78
35
29
34
50
29
28
53
53
30
16
24
18
24
30
32
31
25
31
29
36
36
37
24
20
21
15
34
30
27
25
29
37
22
22
25
15
38
133
67
47
26
26
39
42
45
83
73
40
21
37
15
45
61
52
41
65
39
66
23
15
23
38
22
20
21
21
43
30
26
47
47
30
15
36
33
33
24
37
78
94
102
22
36
31
31
41
40
35
16
15
27
20
27
19
28
36
51
64
44
89
53
53
89
64
29
27
52
49
41
20
47
65
43
61
80
54
26
25
23
48
56
76
60
36
22
31
51
51
59
40
31
40
31
44
35
38
35
50
110
91
72
71
176
118
51
35
61
35
44
59
48
65
42
31
94
44
129
74
37
76
54
24
29
28
31
55
81
39
52
24
35
50
25
26
29
21
16
22
27
67
127
43
50
35
45
13
25
50
16
145
36
20
34
27
43
31
51
39
64
36
35
29
34
50
42
29
31
29
23
33
18
29
39
82
76
28
35
60
40
24
59
80
66
121
36
39
49
33
28
28
43
2917
73
1134
2125
98
29
35
35
29
42
36
18
14
41
27
10
17
46
75
29
19
19
24
31
27
15
16
24
34
38
19
20
24
18
29
42
32
30
32
23
30
34
43
36
45
30
37
32
41
18
31
34
15
49
36
38
40
55
60
36
30
17
46
28
42
28
14
22
20
42
23
18
9
25
18
19
20
45
38
31
79
76
44
20
40
60
55
31
16
17
22
96
93
30
20
27
46
45
50
27
21
14
19
19
29
25
44
38
34
27
21
23
14
29
33
27
21
63
54
53
39
38
38
35
51
36
18
37
36
18
21
19
31
27
32
37
57
61
52
63
40
31
31
19
45
55
20
17
31
25
29
32
15
19
18
18
24
21
32
48
36
49
111
39
28
8
17
18
57
54
30
30
15
94
52
28
29
32
33
39
51
30
21
18
33
28
32
38
26
23
40
43
36
24
35
43
23
23
28
17
21
19
21
32
26
42
53
45
33
33
22
39
40
46
27
50
35
30
30
25
20
32
20
31
32
23
36
19
20
35
26
31
21
30
21
28
20
43
30
36
51
124
100
41
17
20
20
21
21
27
42
17
29
26
18
29
32
23
36
31
26
14
19
34
29
22
47
23
27
20
19
38
27
29
40
29
26
23
43
38
38
40
18
19
12
28
43
60
26
38
59
35
32
88
26
18
28
41
34
34
31
38
40
28
38
33
35
38
28
37
51
44
51
24
28
23
31
33
31
23
14
35
35
26
13
22
40
43
18
19
39
43
48
74
62
49
29
22
49
50
30
22
32
56
59
33
21
20
36
44
28
42
36
24
34
42
43
54
48
21
28
32
54
52
38
42
54
29
27
39
36
35
24
38
40
37
50
52
25
30
39
21
33
31
41
43
35
46
63
50
41
29
37
27
34
20
34
30
42
48
27
34
45
39
47
83
32
30
33
22
22
31
28
23
28
31
57
61
34
20
53
50
37
49
41
37
67
49
35
31
19
56
78
41
73
44
52
81
19
27
43
39
49
35
45
35
37
27
32
23
22
18
33
28
22
53
34
15
36
31
42
24
24
29
38
28
49
27
27
38
44
48
24
31
35
37
48
33
27
54
37
32
25
37
33
28
30
22
42
35
39
33
45
36
32
23
21
19
26
59
60
55
20
41
35
22
26
38
46
36
43
47
38
29
19
20
21
24
22
44
92
49
41
66
19
17
21
28
26
28
28
18
38
57
34
45
46
45
39
27
36
28
38
30
37
42
51
29
25
24
105
19
19
22
30
29
30
42
22
34
29
26
30
28
13
22
21
14
17
26
20
19
10
31
28
31
16
16
10
15
25
36
33
23
54
50
44
34
25
22
19
28
35
39
27
26
33
43
31
41
33
19
21
38
39
53
40
57
95
54
43
35
21
18
37
21
23
53
25
26
24
22
13
10
14
112
67
17
23
77
36
24
20
16
88
102
91
39
53
17
17
26
30
34
87
95
95
39
34
32
45
52
28
12
24
52
35
18
22
29
26
11
20
37
18
20
16
17
12
18
21
38
23
53
31
27
11
21
10
32
24
17
30
12
18
14
37
34
15
22
28
26
28
18
22
25
14
17
37
26
33
37
40
65
40
35
21
20
26
27
41
7
16
9
19
16
11
22
134
125
26
29
205
61
17
21
43
32
121
182
27
40
48
45
34
40
48
22
43
31
21
20
36
48
54
128
24
34
33
37
51
42
43
36
49
41
33
60
42
36
36
32
53
33
18
21
13
36
27
34
23
13
11
16
21
32
26
21
8
22
32
22
23
21
11
28
19
48
41
39
22
32
29
23
28
16
15
23
24
32
35
35
33
41
44
52
45
24
28
34
38
25
24
28
25
32
52
44
45
44
26
47
70
61
30
28
18
15
27
25
34
18
13
14
21
31
23
14
18
26
16
82
125
23
22
23
22
51
73
65
64
73
39
28
29
29
13
20
72
68
26
72
45
24
23
41
28
25
24
17
34
35
34
49
40
32
20
145
21
57
55
23
33
10
18
31
25
26
50
57
16
32
18
18
14
22
14
63
70
48
23
35
15
20
59
29
19
27
18
48
26
28
34
30
20
71
43
22
34
28
62
36
37
54
44
35
11
31
45
62
39
42
43
33
67
43
91
70
561
265
112
342
67
143
114
98
47
42
47
71
52
171
111
75
69
32
68
23
21
13
146
51
63
44
42
69
32
95
129
144
65
65
47
31
47
62
73
47
29
28
26
20
79
122
22
23
20
12
28
17
19
13
103
64
37
27
20
23
34
26
39
157
165
26
152
92
28
43
109
33
13
15
57
35
34
167
77
134
50
58
32
33
38
115
109
35
46
47
29
27
23
19
17
14
13
27
25
24
16
21
16
20
26
26
46
20
12
15
43
41
55
51
61
37
38
19
59
61
56
30
15
29
25
123
34
35
55
49
175
60
98
24
11
39
24
57
17
16
18
23
24
13
35
60
37
20
22
32
32
37
42
30
19
32
57
66
27
22
55
47
57
45
68
80
52
30
63
35
70
22
22
29
32
24
29
20
37
44
32
30
28
35
28
24
40
27
30
35
53
48
25
26
40
53
26
27
29
20
27
21
30
9
16
15
27
24
20
41
36
25
23
20
15
49
12
67
26
83
173
221
47
56
61
73
59
39
30
50
39
23
20
20
30
27
50
63
33
37
25
46
203
240
43
32
52
43
46
65
51
39
62
62
97
42
56
21
93
22
26
25
94
51
54
41
36
19
34
33
35
38
25
45
48
21
17
11
23
47
32
106
36
37
37
100
29
18
20
33
35
27
44
42
34
22
27
17
45
27
13
21
24
22
45
31
72
36
23
66
16
14
18
76
55
37
29
16
31
25
16
75
57
61
75
37
84
35
13
16
36
61
21
37
40
23
23
22
50
32
36
47
28
132
113
71
44
24
18
9
25
42
20
16
16
5
43
24
12
19
16
11
12
37
30
25
42
261
142
79
35
35
36
19
29
37
78
87
20
74
50
26
27
19
20
24
19
18
23
12
22
16
14
12
26
17
19
21
32
19
15
28
22
36
36
28
26
24
23
19
22
23
24
126
118
41
56
51
80
81
52
59
30
33
29
22
26
18
59
134
37
29
32
60
24
26
90
43
49
43
43
115
43
80
66
25
15
24
53
38
21
36
48
39
19
42
44
33
26
13
25
56
64
29
33
26
25
17
10
22
19
23
21
20
23
29
45
40
106
47
45
30
26
20
27
23
35
60
23
36
46
35
38
43
39
13
44
36
21
46
37
22
25
33
61
39
21
36
39
34
47
48
23
31
20
50
40
37
53
72
28
29
53
18
76
69
64
16
8
19
31
21
40
37
26
20
139
36
19
18
14
210
31
43
27
14
23
26
18
46
26
36
51
135
29
28
36
27
42
28
21
14
11
28
34
30
27
24
33
31
23
19
16
22
21
30
35
43
29
31
48
28
39
20
33
30
43
20
14
35
41
30
39
27
28
19
23
21
13
20
37
29
13
22
34
25
48
52
32
27
24
61
70
41
47
45
64
28
9
72
79
54
44
52
43
59
36
28
47
68
41
21
86
74
40
61
39
62
26
42
26
44
34
46
45
40
55
37
71
70
54
36
42
28
34
36
34
60
35
34
46
51
79
72
27
26
60
55
72
24
36
22
33
32
31
92
46
54
48
31
28
55
29
33
16
46
51
46
31
45
51
61
39
62
68
40
54
37
54
53
49
44
64
65
55
95
53
53
54
32
98
46
24
23
36
47
37
31
120
65
48
43
25
54
92
46
35
85
43
22
47
17
19
16
23
11
22
53
42
48
34
57
31
29
38
32
85
25
20
46
78
29
28
39
50
26
21
9
14
22
113
35
32
36
71
26
85
94
18
24
33
49
39
43
39
19
69
69
84
100
71
63
61
55
68
37
46
53
35
62
46
58
48
41
45
42
39
52
39
48
45
34
45
60
34
33
37
30
30
40
35
22
51
61
53
40
36
30
29
50
51
30
21
34
46
51
23
30
30
64
30
31
31
27
31
68
73
71
69
59
44
46
25
29
109
36
44
47
42
28
20
29
27
41
37
62
96
112
83
38
53
48
64
52
70
42
54
55
56
43
40
34
26
26
19
32
93
147
101
77
52
27
28
56
74
48
58
75
53
30
32
35
62
52
44
38
42
129
149
46
65
79
105
147
58
41
80
36
72
27
30
37
53
81
111
66
31
44
36
29
23
20
29
63
85
78
69
65
45
41
97
84
55
83
165
97
113
86
81
84
76
108
50
121
93
68
58
67
45
47
71
23
18
28
56
52
38
36
22
32
37
49
29
58
45
33
42
40
24
16
41
49
80
58
46
53
38
37
46
53
53
59
33
31
27
38
51
59
28
26
18
29
44
26
28
57
105
66
52
48
60
50
60
61
62
71
83
48
39
50
58
31
38
73
214
71
46
63
47
25
28
36
35
45
62
197
87
60
56
69
86
87
62
32
24
47
25
32
20
11
18
40
32
93
44
82
45
73
84
128
266
43
37
42
82
133
114
61
69
90
68
63
60
173
103
60
80
460
848
213
1964
4043
5048
4175
5261
5082
4722
1363
42
133
104
83
54
79
45
52
64
55
74
104
79
58
37
116
165
86
228
102
33
50
43
43
96
27
25
19
79
247
98
50
106
103
135
84
96
96
112
73
43
98
30
39
40
85
79
43
83
71
57
44
58
105
140
57
21
40
79
49
38
51
41
38
46
37
93
157
142
83
54
64
58
62
68
60
33
31
69
48
68
71
58
65
48
79
48
30
42
53
69
33
33
27
32
49
60
34
47
258
49
123
48
21
38
37
33
183
993
46
51
22
31
51
27
17
25
29
660
515
34
28
28
34
72
77
60
50
41
45
44
66
34
27
65
152
96
77
52
899
200
148
65
77
42
56
110
94
94
53
29
26
37
24
73
24
33
59
64
148
38
63
30
28
11
20
23
40
67
25
37
57
51
43
32
40
42
43
78
864
20
45
33
49
68
46
52
38
22
49
31
46
48
52
65
49
42
37
152
252
33
377
40
33
31
26
59
31
39
23
30
47
31
67
64
44
89
66
94
42
28
33
24
36
38
131
39
35
28
28
22
15
23
18
45
25
33
26
25
42
48
62
30
55
62
48
49
37
44
50
42
31
31
34
27
52
51
58
37
48
43
44
25
21
43
49
83
148
36
121
90
30
29
126
105
22
17
28
53
39
57
49
59
26
39
50
66
30
31
23
30
33
60
75
64
65
83
49
30
35
41
44
45
34
32
42
22
16
29
22
41
41
31
63
47
30
50
19
31
37
22
40
43
30
42
18
40
36
42
82
36
43
63
50
51
45
27
27
35
254
120
54
36
56
32
32
32
25
36
48
50
40
54
48
65
51
61
64
36
43
53
42
42
78
58
45
48
38
44
55
28
31
33
27
50
44
48
24
29
24
25
32
44
35
34
29
28
38
54
18
27
27
34
28
31
43
24
70
136
18
33
35
33
58
51
20
17
37
38
15
27
26
48
74
43
34
1102
36
33
28
27
36
31
38
39
26
26
27
23
23
20
34
35
23
15
36
57
48
43
71
79
52
61
57
26
36
380
962
2040
2600
2670
1865
2246
2161
2552
2728
3132
2930
37
20
25
17
20
22
20
229
25
35
28
23
21
30
15
31
40
166
23
16
801
342
79
848
150
43
43
169
125
29
29
22
36
36
35
43
40
38
27
19
32
37
27
31
25
38
19
110
1526
34
47
42
40
51
47
46
24
85
45
22
33
57
68
35
28
21
33
45
1216
45
40
39
45
33
47
43
38
42
921
615
36
30
24
24
24
18
21
21
337
25
31
31
23
23
36
57
30
25
774
