45
44
41
52
64
39
43
45
42
32
38
55
46
44
38
42
27
35
38
42
45
41
34
41
52
47
36
29
25
33
31
53
49
40
33
72
40
25
40
41
50
44
39
53
38
31
49
54
60
97
78
63
24
48
39
52
52
49
46
78
60
56
30
28
33
37
29
37
32
29
29
35
40
58
44
28
36
51
40
38
37
39
77
91
36
42
43
31
31
46
46
28
29
20
37
38
38
28
33
40
59
50
43
72
62
55
108
41
42
69
59
55
54
55
162
114
48
60
50
33
39
47
86
63
62
33
47
56
61
49
50
38
41
41
42
50
48
32
50
73
135
267
97
117
66
79
49
66
43
51
49
46
68
39
49
99
63
88
42
65
99
51
29
54
34
37
65
67
39
43
39
42
32
36
32
34
21
34
32
237
65
104
54
46
39
47
48
38
45
289
90
45
35
49
48
41
35
44
57
46
26
43
36
50
52
39
34
41
34
32
31
30
37
79
95
67
36
51
45
37
45
41
39
38
51
57
50
44
30
34
40
52
284
93
49
84
61
61
41
72
35
30
33
43
52
30
35
28
57
49
29
34
24
76
38
27
29
44
36
33
28
77
181
20
31
47
50
25
39
32
246
43
90
115
114
75
35
49
57
29
41
28
24
74
54
35
33
54
45
45
31
35
44
38
38
42
31
27
24
26
44
91
60
34
34
30
42
41
36
29
59
253
45
35
50
40
34
32
22
30
39
77
90
42
28
39
33
40
40
38
37
36
35
23
26
37
36
45
37
31
25
32
36
35
36
36
93
43
46
48
31
45
51
79
53
31
44
39
28
27
32
36
39
44
76
84
70
47
67
41
49
40
36
55
36
24
36
42
39
32
22
24
29
28
44
39
37
49
39
28
41
81
43
34
21
26
25
68
71
35
31
27
86
32
27
31
30
38
46
42
34
37
38
27
38
48
52
32
39
35
41
40
30
45
48
54
40
30
35
36
53
222
349
184
54
49
50
41
48
32
38
35
45
48
54
43
33
31
29
25
46
39
32
22
30
31
40
47
40
34
46
43
47
34
35
27
43
41
48
57
53
64
47
34
37
30
28
33
33
29
40
43
39
27
31
31
42
42
38
40
36
26
50
36
34
55
30
35
39
29
40
34
35
35
40
35
37
35
48
37
36
22
38
33
42
47
50
82
36
33
34
69
36
21
33
41
33
36
35
40
37
31
34
42
33
41
35
40
39
36
56
27
28
34
36
43
39
28
33
34
29
33
29
25
38
38
38
43
45
33
71
52
35
54
46
32
36
45
36
31
50
57
40
43
37
42
32
45
28
39
48
33
41
35
44
34
54
75
45
36
36
41
72
58
39
44
43
45
72
34
74
34
39
42
633
33
34
33
36
44
35
51
78
39
38
41
41
42
44
35
35
30
35
56
39
36
32
44
48
37
46
60
37
41
32
43
30
44
44
38
34
29
46
47
36
33
49
46
45
54
51
43
46
54
39
27
28
49
91
60
90
41
42
39
31
36
46
44
25
32
39
27
32
35
29
27
37
35
33
32
35
55
37
28
32
32
37
38
36
34
37
34
32
33
38
49
34
33
65
37
38
55
42
35
40
29
34
36
32
38
37
42
34
36
37
73
37
38
36
22
25
28
47
63
59
47
52
41
32
30
34
49
39
40
43
44
37
22
27
24
27
25
35
27
31
39
34
25
24
18
28
27
33
24
29
34
41
45
41
39
38
38
31
32
36
37
36
30
27
49
36
32
26
24
39
22
24
29
30
35
37
45
27
44
41
32
22
19
21
27
33
28
36
27
27
26
31
31
39
43
22
23
13
21
29
36
29
32
36
59
47
37
41
32
33
27
36
36
33
28
29
26
42
32
35
27
28
28
29
37
58
49
67
58
41
36
33
22
43
35
31
30
33
78
31
42
37
29
75
48
59
31
43
48
56
42
33
49
75
43
92
51
47
31
28
40
41
38
43
52
56
39
40
40
38
32
31
23
34
41
33
26
31
28
27
25
38
42
33
33
27
35
32
32
24
34
50
191
203
36
32
25
24
27
25
19
22
26
27
25
29
30
31
184
33
26
30
37
29
28
38
38
29
34
35
33
46
79
73
43
32
31
34
34
39
17
19
22
24
25
22
29
25
39
34
31
35
34
24
25
23
22
31
36
41
40
44
50
49
41
49
39
31
46
33
25
37
59
47
45
36
29
30
39
36
50
47
38
47
46
43
58
36
38
35
44
32
21
23
23
29
29
28
26
19
18
16
22
23
43
21
23
22
33
38
32
31
27
21
24
26
28
69
58
22
29
25
33
30
25
24
30
30
29
38
32
41
35
34
51
54
30
31
37
26
32
28
29
31
36
44
30
50
65
34
73
68
26
28
34
20
24
30
28
33
22
24
23
27
47
24
23
20
31
23
26
53
71
51
28
46
39
54
49
43
50
32
27
32
27
22
34
61
34
57
45
33
34
43
35
25
25
29
44
46
34
64
49
39
38
49
35
157
216
32
30
27
27
22
24
39
39
210
182
31
32
24
24
28
21
21
66
69
72
28
39
25
24
36
37
31
29
25
36
166
79
29
29
21
26
46
39
29
30
32
51
27
35
34
30
28
21
28
40
52
28
37
42
43
106
31
83
74
168
137
35
93
277
76
82
66
46
58
54
48
61
69
64
40
28
25
23
17
15
42
42
93
89
42
49
41
101
60
85
47
39
43
40
49
72
60
49
43
44
34
27
76
37
30
29
22
24
27
34
40
21
74
63
55
20
25
24
38
41
47
67
58
29
256
72
40
71
108
91
25
33
57
65
36
62
59
85
87
60
33
29
30
57
92
58
29
38
37
27
26
35
34
34
28
24
26
21
21
28
18
19
21
46
44
52
25
25
169
270
57
65
32
56
42
38
38
56
62
57
42
28
31
23
57
76
30
43
65
41
54
70
75
46
44
35
31
48
26
27
25
29
36
24
52
45
43
36
28
33
61
54
41
37
31
36
59
61
28
35
56
60
47
90
82
110
224
51
42
63
103
41
32
36
41
32
28
25
33
40
36
47
42
33
37
33
38
37
27
45
50
54
34
39
59
53
33
31
36
31
27
24
23
48
24
30
33
25
36
24
40
54
32
258
23
29
75
21
29
32
29
31
54
57
72
69
67
49
43
42
37
39
32
35
35
29
31
34
53
56
42
75
46
98
87
104
64
59
46
53
43
39
33
47
58
65
51
77
33
41
34
26
34
34
46
55
38
53
43
48
46
42
42
38
30
34
32
25
20
25
36
29
39
56
38
26
23
36
34
33
30
29
38
33
30
39
29
28
25
25
48
29
18
25
36
29
30
34
67
33
28
40
47
19
71
58
43
33
21
31
32
34
40
61
77
61
41
62
36
37
19
95
45
37
44
28
23
48
56
43
41
83
75
94
80
60
50
41
42
35
25
26
30
27
32
23
28
39
25
28
22
27
24
30
30
29
44
114
116
121
54
32
31
28
21
34
41
67
44
29
72
43
33
20
29
27
25
19
23
26
28
28
25
24
24
35
24
30
28
26
21
22
31
35
41
38
83
39
37
34
33
21
36
114
105
57
52
44
94
81
52
47
30
25
38
31
30
41
47
47
32
25
23
35
33
63
66
62
60
48
60
65
56
53
51
40
23
29
47
31
38
43
45
35
22
32
33
39
32
36
35
41
60
42
42
39
37
35
45
233
28
18
34
29
173
238
48
43
43
37
41
35
22
33
27
29
32
44
47
44
46
45
59
42
33
34
33
30
26
39
43
32
26
34
56
39
29
31
39
41
62
62
28
33
31
37
50
90
49
30
40
62
27
40
85
65
50
17
45
49
23
43
43
37
32
45
36
37
29
23
31
30
59
60
27
36
33
32
45
31
38
57
51
33
32
35
34
46
26
35
34
36
36
39
39
38
33
34
23
32
27
25
36
33
42
54
37
29
32
45
40
53
44
40
33
38
22
37
47
65
50
35
29
38
36
32
26
61
33
40
28
38
49
48
50
61
57
28
41
55
60
45
63
71
51
31
21
69
97
92
58
54
52
42
40
46
70
61
40
35
57
38
55
54
52
43
40
35
66
57
39
46
49
41
50
32
41
52
72
40
182
27
4469
58
37
51
34
48
33
248
1771
1564
50
42
60
76
60
45
35
33
40
26
27
4343
45
44
38
42
38
94
1845
1485
195
46
26
42
48
54
47
4197
240
60
57
44
57
48
47
1271
67
2340
53
95
107
63
58
52
46
116
53
29
34
27
40
45
66
58
52
36
42
43
194
52
55
159
34
2043
3685
31
31
33
75
36
1078
804
33
43
2199
36
30
45
42
29
1477
1752
304
35
41
41
50
39
60
35
32
42
45
42
60
42
45
35
41
40
55
42
44
38
44
57
45
46
28
30
227
56
59
60
48
82
77
56
60
51
42
40
54
68
72
40
59
52
52
38
66
60
60
45
28
36
44
30
54
65
46
35
38
30
30
53
55
88
24
34
317
48
43
53
38
301
60
36
41
35
38
38
31
29
35
32
28
47
41
63
55
62
59
28
43
40
93
166
48
288
87
28
51
44
1974
54
37
336
84
110
121
37
40
56
30
55
60
36
49
63
121
61
51
1959
45
75
64
32
2111
2259
8685
11512
13468
15004
25112
13998
7419
107
105
69
50
30
261
347
43
56
61
93
103
41
49
36
66
145
174
84
63
69
73
92
1205
102
118
168
210
126
115
126
136
127
99
93
1762
1550
957
2907
2267
2151
2729
1813
3281
3908
3040
3325
2404
5221
4939
5352
6423
5108
1147
128
78
75
80
91
77
67
46
34
39
42
36
72
66
67
45
44
32
44
34
49
73
52
38
30
39
36
33
34
52
75
41
44
47
41
50
39
39
48
46
31
25
42
39
57
49
36
26
25
33
43
46
40
56
57
73
42
38
63
50
59
67
51
46
54
33
43
44
35
27
54
90
72
55
46
46
47
35
44
43
57
39
109
69
56
64
74
88
66
47
39
66
55
39
41
32
22
36
36
38
55
68
69
54
58
83
111
109
62
45
50
65
102
96
55
55
64
71
80
55
104
65
48
118
89
77
48
41
115
107
90
113
49
48
40
106
104
66
75
85
59
53
39
57
53
49
61
54
49
46
155
85
119
76
83
49
49
72
57
48
38
38
79
126
68
89
83
83
119
85
82
79
107
73
45
88
42
51
47
85
61
50
86
63
55
58
55
93
137
66
31
46
84
51
53
46
33
35
39
38
121
53
102
41
92
111
88
34
56
65
38
46
73
67
99
61
65
68
69
55
54
37
67
104
64
38
51
37
75
69
75
46
69
66
82
135
42
35
52
43
35
37
125
47
36
28
33
50
27
21
30
49
52
40
28
30
28
38
55
63
55
40
43
46
38
37
28
33
54
38
40
49
71
116
54
76
53
55
47
94
89
96
60
66
29
31
27
25
35
37
52
37
47
40
36
26
27
23
21
23
32
25
24
35
39
44
36
38
30
33
35
30
73
32
39
50
35
43
36
42
46
27
28
31
19
54
51
49
59
40
33
528
122
151
592
257
29
28
23
94
190
40
236
33
33
45
50
51
32
62
41
43
39
53
27
29
44
40
34
29
31
28
29
31
29
31
35
43
27
26
32
39
44
31
39
46
33
29
201
139
40
42
39
32
46
34
37
71
46
33
49
35
34
46
33
36
42
74
61
39
28
91
59
49
90
89
28
38
48
39
38
38
50
54
48
38
37
42
55
49
41
44
21
31
42
65
53
57
53
32
31
43
49
60
59
56
45
33
33
36
42
39
40
28
54
58
43
37
36
37
34
52
65
90
78
46
43
35
40
43
140
90
69
68
69
53
38
33
32
159
178
59
41
39
31
43
33
30
33
35
48
61
70
66
53
57
44
54
48
46
49
47
46
55
47
47
27
31
40
32
42
36
40
35
42
43
39
33
33
32
43
31
40
38
35
41
39
35
35
45
40
44
30
44
30
30
41
45
40
36
34
41
66
41
59
40
28
35
35
27
32
64
49
47
31
122
42
39
36
38
34
24
51
44
29
35
45
53
37
31
29
36
29
35
41
46
53
47
67
56
54
45
38
30
41
47
50
54
32
42
43
37
33
27
37
36
38
31
34
33
30
33
33
31
47
34
37
33
40
38
32
31
27
35
33
31
31
72
83
100
28
41
61
115
48
36
48
33
48
35
29
34
38
38
30
45
67
30
36
62
31
33
69
62
34
151
222
41
37
36
38
70
48
56
57
56
57
45
54
51
26
34
54
54
36
35
34
32
38
42
45
47
56
108
49
37
38
35
30
36
38
35
34
42
35
38
40
36
35
36
32
31
35
