1
2
1
14
5
3
4
4
0
0
6
1
3
2
1
2
0
0
0
1
2
1
11
4
0
5
3
6
0
1
0
6
1
2
2
2
1
0
3
0
2
1
1
2
17
1
17
5
2
4
4
3
4
2
1
2
5
1
1
4
8
4
8
2
3
2
6
0
1
4
5
1
2
2
1
2
1
0
2
2
6
2
3
4
4
3
0
1
1
4
3
3
1
2
1
2
3
2
0
112
8
23
25
5
13
13
19
13
21
11
10
9
14
5
19
19
5
20
22
23
13
16
10
8
11
10
9
8
13
13
9
4
14
6
4
10
6
16
7
7
10
16
16
25
7
5
5
3
0
1
3
4
2
1
0
1
1
2
5
3
1
5
3
3
1
2
8
1
4
11
9
3
3
3
0
3
4
0
3
1
0
0
1
1
26
4
1
2
5
1
3
8
3
2
2
2
2
3
0
3
4
1
4
2
2
1
1
4
4
3
3
2
2
0
1
1
6
4
2
2
3
4
3
2
2
0
2
1
2
7
96
2
4
2
6
7
6
3
4
3
3
8
6
2
2
2
1
4
5
1
3
4
2
4
3
1
0
5
5
1
3
4
5
3
4
3
2
2
2
2
2
2
1
5
4
2
4
6
9
9
3
0
3
3
2
2
1
3
3
3
0
3
1
2
3
3
3
3
1
1
1
3
2
1
1
2
2
4
3
3
3
2
7
2
1
2
5
3
2
4
5
4
1
1
3
7
1
3
130
6
2
8
3
4
1
2
4
3
5
4
1
3
5
1
1
8
2
1
4
0
1
2
1
1
4
5
2
3
2
3
3
4
4
3
3
1
2
5
5
1
3
4
10
4
6
4
2
0
3
4
3
1
4
2
2
2
3
1
0
5
0
1
4
7
9
3
4
2
2
3
2
2
6
2
0
2
1
1
2
4
3
3
5
4
2
1
2
3
2
0
0
10
4
2
3
1
175
5
2
8
7
4
6
10
4
70
81
8
7
10
16
15
9
10
4
3
13
12
14
14
7
6
7
3
2
12
7
9
4
4
3
8
9
5
1
7
5
7
6
6
7
16
4
7
11
21
15
7
3
1
4
4
8
5
3
6
11
7
6
10
9
8
6
6
4
5
5
11
6
6
5
4
9
13
12
17
9
12
9
13
2
8
15
10
11
12
3
12
4
7
7
6
5
9
9
8
9
20
6
7
8
10
5
8
11
8
7
0
2
2
1
0
6
6
3
1
5
2
3
2
3
4
5
2
2
4
2
1
0
0
2
1
0
3
6
4
3
1
5
5
1
3
2
4
1
3
2
2
1
2
2
3
0
4
0
0
2
1
0
0
3
1
5
3
3
2
5
3
3
3
5
0
4
2
1
1
3
1
4
3
3
3
3
7
2
2
2
1
2
6
4
4
8
3
1
2
2
2
1
147
9
10
8
11
6
8
8
19
18
20
9
7
5
5
6
14
9
8
11
7
12
13
9
7
15
15
5
7
12
9
15
14
11
5
7
13
13
10
16
7
9
11
8
8
28
8
7
9
6
8
4
4
10
3
9
12
12
4
9
8
2
5
7
9
8
5
8
9
7
7
7
7
14
10
4
9
7
7
19
13
8
12
10
9
6
5
10
9
10
8
10
9
8
8
16
12
12
7
7
6
3
9
16
16
7
12
11
5
4
10
6
7
15
13
12
4
2
4
7
5
6
6
5
14
12
4
3
6
3
5
3
4
5
3
3
11
11
9
14
6
11
9
12
9
4
7
5
1
16
9
8
10
5
8
6
8
10
4
9
8
4
6
8
7
7
4
4
3
3
2
7
7
5
4
2
6
7
4
3
3
3
1
2
5
5
9
7
5
8
7
7
6
5
3
12
7
14
4
3
7
9
11
5
6
6
7
11
5
13
13
17
8
18
11
5
9
6
16
2
9
10
6
9
4
11
6
4
8
0
15
8
3
12
10
16
9
5
28
31
12
26
19
7
4
10
8
7
6
1
6
5
1
0
2
3
1
0
2
2
0
1
2
5
2
2
7
5
2
2
1
3
3
3
2
1
1
1
1
1
1
0
0
2
1
1
4
2
0
3
13
6
3
0
9
1
7
3
3
6
3
1
2
3
10
0
2
2
2
5
3
2
1
4
2
4
1
0
0
0
2
2
2
1
0
1
2
1
3
1
2
0
0
0
0
8
2
5
5
4
1
3
2
2
3
2
1
11
5
2
0
1
4
1
1
2
2
145
8
16
27
17
33
25
9
10
11
5
9
2
5
4
5
7
9
7
4
3
3
5
11
8
6
2
6
5
10
5
7
4
3
6
5
18
18
16
7
12
9
6
5
2
6
11
4
8
8
6
7
14
9
22
7
8
10
7
10
11
11
11
12
7
11
9
19
3
13
37
16
11
17
3
5
7
7
6
12
5
5
2
5
15
3
3
2
8
5
54
9
0
7
3
8
6
9
24
10
14
9
12
10
9
9
9
10
17
6
18
12
6
5
20
13
5
11
9
19
10
17
11
19
6
8
8
9
14
10
12
12
5
5
6
5
11
5
12
5
3
4
3
4
6
3
4
13
76
7
46
6
5
16
43
9
5
9
3
11
10
12
10
6
11
12
20
14
8
7
23
15
17
10
6
3
8
7
10
7
10
17
14
19
121
4
11
25
29
30
7
11
19
22
67
23
11
7
17
9
11
9
17
15
20
9
4
4
7
3
3
50
3
9
14
11
5
13
45
29
14
3
2
29
22
5
6
7
4
4
2
0
15
7
2
2
0
0
0
0
0
1
8
6
5
9
1
0
0
1
7
6
5
12
0
1
0
15
5
0
1
3
8
2
8
0
8
4
3
5
5
0
11
15
3
1
3
2
3
2
3
4
1
0
1
2
2
1
0
0
0
3
2
2
2
2
6
2
2
5
5
1
1
0
0
3
6
6
0
1
4
13
7
11
6
300
46
13
47
4
3
3
13
17
14
1
1
6
3
4
2
14
11
14
1
5
4
11
10
31
6
6
11
15
16
11
7
17
14
7
11
27
22
12
10
11
9
12
4
7
7
9
5
1
3
7
13
23
15
7
8
9
10
13
8
6
12
10
11
4
8
7
13
5
7
6
2
4
1
5
2
2
5
8
6
3
3
10
12
7
2
4
1
1
1
6
4
1
3
10
3
0
7
7
1
7
2
3
3
1
2
3
1
2
1
4
0
1
0
4
2
5
2
1
6
6
2
1
2
9
10
2
9
0
3
2
7
1
0
0
5
2
0
1
2
3
2
5
2
5
5
2
6
0
1
0
0
1
2
5
3
6
4
5
3
1
1
0
6
4
1
0
0
2
2
1
2
0
1
0
6
5
3
3
8
1
3
1
0
2
73
3
14
11
4
2
2
4
3
2
13
11
13
11
11
8
121
2
3
12
13
10
17
9
10
3
14
6
5
4
9
14
32
18
21
5
15
6
4
5
14
9
4
3
3
20
7
5
7
7
3
14
9
8
13
14
76
52
19
2
124
5
2
7
4
19
21
9
21
7
7
3
6
2
3
6
3
3
3
11
4
0
3
8
7
4
3
6
2
4
5
2
6
6
0
0
9
3
6
4
2
13
5
37
20
16
13
9
11
19
14
11
6
12
8
11
7
3
12
10
11
16
4
12
10
11
15
11
16
4
25
23
15
21
10
7
2
6
17
9
18
21
10
5
6
11
14
3
8
13
20
23
16
5
8
1
3
1
2
1
6
4
1
5
0
3
14
32
8
1
0
0
0
5
3
3
3
5
2
5
6
16
5
2
2
4
4
1
4
3
4
2
3
13
3
0
0
8
1
0
1
2
0
2
5
4
7
1
3
0
0
6
5
4
3
0
3
0
0
8
3
5
10
4
2
1
2
1
0
2
5
3
4
1
0
0
12
1
0
1
0
6
3
2
5
1
1
9
4
4
0
2
3
1
11
2
2
2
1
1
2
3
2
0
4
3
3
0
9
3
8
127
11
13
8
13
15
7
19
17
10
10
4
6
8
10
8
4
6
17
10
7
15
5
12
9
19
7
227
344
752
649
11
10
5
11
10
3
25
17
12
17
16
19
7
11
14
22
21
10
11
22
19
12
12
20
11
17
7
11
12
10
10
14
9
12
9
14
9
7
12
12
9
11
7
15
17
7
8
9
47
25
17
11
13
19
16
13
11
9
7
6
7
5
9
15
19
8
5
7
8
9
6
15
18
15
7
17
10
13
8
14
21
10
10
8
10
5
6
9
10
16
11
12
17
11
13
8
26
10
8
5
10
8
8
13
44
20
12
11
12
19
23
9
9
7
4
6
5
8
0
4
5
5
22
7
9
5
15
0
2
7
3
21
8
2
5
11
2
0
5
13
5
3
0
6
1
20
8
11
2
17
2
18
14
2
2
13
0
3
4
5
5
4
4
3
6
20
2
10
16
1
5
7
24
5
7
10
13
2
4
2
0
13
13
3
4
8
8
19
0
6
4
4
5
5
2
3
6
5
7
3
2
3
4
5
6
2
0
2
3
1
0
1
1
0
0
0
2
0
3
6
5
0
6
1
9
3
2
3
131
5
9
5
13
17
4
3
9
6
33
25
38
19
12
12
20
22
10
5
6
13
26
9
4
5
2
3
3
12
31
26
24
23
11
6
8
2
18
11
19
26
30
5
9
6
11
12
5
6
1
7
24
13
9
4
6
17
32
6
11
14
25
9
8
9
4
4
24
25
9
12
10
10
7
12
9
14
33
32
10
4
8
8
6
9
14
31
37
23
18
16
12
15
19
19
9
20
20
23
27
24
8
12
18
11
11
15
14
10
4
3
7
6
10
7
8
10
9
12
4
2
1
4
3
5
5
1
3
2
6
4
7
3
2
4
3
2
2
6
7
4
4
3
1
0
7
5
5
7
3
0
1
3
6
5
4
7
10
7
2
4
4
9
10
0
0
3
2
3
6
2
5
0
1
5
4
1
3
4
1
1
7
4
1
2
1
1
1
8
3
1
0
4
2
1
0
18
9
9
8
5
10
4
7
5
7
2
3
9
5
2
5
9
4
352
52
47
23
16
50
29
18
15
12
33
40
21
33
13
25
12
28
33
21
23
19
36
18
18
22
25
20
23
18
24
55
44
28
57
43
15
14
9
10
12
6
3
1
38
62
22
18
45
52
29
32
26
17
29
12
44
36
9
9
12
38
17
47
28
22
14
14
9
40
5
4
8
8
10
4
1
0
4
2
2
6
0
11
6
24
20
1
1
4
3
0
0
7
10
4
6
5
5
2
2
6
3
1
1
5
2
1
4
2
4
7
7
2
2
3
7
3
3
5
8
0
5
12
18
7
2
0
1
1
2
11
7
2
3
4
3
10
13
28
15
4
17
0
1
0
2
2
8
5
1
3
5
8
4
3
416
6
7
31
24
14
17
7
2
5
9
5
12
6
6
6
7
14
13
10
6
7
5
4
8
10
8
9
27
11
18
8
15
8
11
16
13
5
14
9
7
21
12
13
12
9
8
9
8
9
14
21
20
13
12
21
22
8
12
6
7
5
3
9
7
6
5
18
9
8
15
14
9
5
5
7
15
9
6
8
8
6
43
34
9
8
15
9
2
2
6
9
8
12
3
4
13
11
19
11
14
10
9
7
20
10
12
14
14
6
8
11
6
11
9
8
5
8
11
3
2
4
23
15
21
3
17
12
8
7
21
17
8
6
5
8
13
15
10
14
10
12
13
23
10
7
4
4
3
8
22
20
14
11
5
2
24
42
15
10
10
7
9
8
5
4
8
10
9
8
11
11
8
10
6
8
5
8
12
7
11
11
5
6
5
7
6
2
1
4
0
2
3
2
2
5
9
5
12
10
1
3
1
1
2
7
6
6
7
4
1
0
2
0
2
3
6
1
4
12
4
4
1
0
2
0
5
7
2
5
3
6
2
2
0
1
6
6
6
2
0
0
0
2
8
3
1
12
10
2
4
5
7
2
5
8
3
1
4
1
3
2
9
2
4
5
4
4
2
3
3
13
8
3
3
4
3
3
0
8
7
5
7
13
7
14
12
0
1
1
5
3
255
14
38
20
16
16
13
11
17
11
2
6
8
92
4
5
8
10
12
17
20
7
6
9
289
202
7
6
8
10
6
6
9
9
6
13
13
11
9
94
92
74
14
65
33
11
12
130
5
6
9
5
17
17
10
9
11
95
10
5
6
7
12
10
15
12
14
86
2
11
22
22
5
6
15
11
16
20
8
14
19
15
25
28
5
7
10
8
19
9
9
11
14
16
17
7
6
25
26
6
9
8
5
7
6
1
3
10
4
8
7
13
5
20
7
2
2
3
