24
24
33
45
26
18
18
26
17
28
23
27
16
21
14
18
17
22
17
25
29
22
20
23
29
29
30
19
14
15
22
24
39
16
20
16
16
18
19
23
20
21
20
31
25
11
28
33
37
177
163
20
32
19
15
35
26
32
35
24
34
38
24
21
17
20
18
17
24
23
18
19
29
30
31
15
18
24
20
13
12
21
55
30
43
47
34
21
32
31
33
38
15
11
29
29
12
17
20
25
40
42
27
57
20
47
102
106
40
41
28
82
0
90
13
36
41
52
57
39
26
21
27
37
65
39
28
25
42
26
40
37
33
33
30
26
29
30
25
31
84
79
41
65
82
80
56
102
54
34
17
22
28
24
22
16
34
54
42
34
30
38
35
21
32
21
23
140
29
26
44
19
21
19
27
22
24
14
20
15
29
283
301
38
34
25
55
21
27
36
49
57
37
23
49
30
28
27
40
30
29
23
30
24
26
31
36
18
26
25
83
20
19
98
44
38
30
32
34
29
31
47
48
20
23
54
24
22
23
19
16
33
24
48
41
62
54
54
35
18
29
24
22
19
29
26
26
19
17
13
27
30
25
16
27
26
14
21
26
20
35
24
29
17
37
20
16
25
30
36
22
43
19
33
32
29
109
43
30
22
26
36
28
26
22
14
18
18
19
24
30
26
21
19
19
29
30
20
22
11
24
19
28
11
13
12
25
21
19
21
27
19
14
13
20
24
26
21
23
38
17
20
16
21
51
59
25
14
27
32
42
23
21
29
18
19
24
26
25
23
13
14
15
10
12
20
22
20
15
10
19
32
40
31
28
29
32
30
29
34
41
27
23
26
10
19
22
28
16
51
47
28
42
15
20
18
14
37
13
12
23
19
15
18
16
15
7
13
18
11
17
21
22
28
21
49
21
13
14
15
17
31
26
52
15
11
43
22
19
22
16
21
16
277
32
83
76
64
37
21
30
27
23
17
21
32
30
33
21
25
20
12
15
8
12
19
25
14
22
18
30
30
30
28
14
15
135
84
65
32
35
23
21
13
21
25
22
12
22
17
17
11
30
24
26
18
79
88
70
73
81
68
55
76
75
77
63
99
27
61
58
74
75
85
71
60
30
21
13
23
14
22
22
30
20
14
29
23
16
23
24
14
15
18
29
19
19
19
28
29
32
54
38
25
15
17
25
20
32
21
35
25
31
21
22
20
53
21
16
27
20
24
24
21
24
26
16
25
21
20
23
29
38
23
26
27
35
17
146
59
27
14
16
16
10
14
34
16
22
107
30
34
25
19
43
64
46
38
24
25
35
36
21
16
18
19
39
27
32
18
23
20
22
34
30
24
21
22
22
23
36
32
20
29
25
33
41
35
50
23
25
33
28
31
44
17
28
32
40
28
33
22
29
19
25
20
43
33
26
23
27
20
38
18
24
31
20
17
29
30
33
34
25
23
19
34
34
41
24
23
24
26
22
22
28
23
23
24
33
42
35
31
28
25
24
21
26
30
23
28
32
23
17
30
60
39
129
110
24
33
22
63
81
20
23
38
45
19
25
61
22
38
17
26
24
19
29
43
39
22
22
20
20
41
27
25
31
20
24
27
23
25
31
19
21
23
27
45
37
28
25
34
34
26
22
22
21
28
32
32
28
32
20
40
30
26
29
26
21
18
18
65
67
29
27
37
25
26
19
26
12
30
31
26
17
16
20
20
19
12
17
13
25
16
22
20
15
9
19
17
17
14
22
28
30
38
25
25
22
38
23
30
30
26
34
27
17
21
24
21
21
19
29
21
26
28
20
29
21
17
10
13
14
23
16
13
21
21
20
21
25
17
13
25
26
22
18
18
18
14
14
8
18
31
27
22
26
21
28
22
23
13
18
18
28
23
19
36
13
17
22
14
21
20
16
14
14
41
23
15
49
45
22
16
29
23
25
27
20
14
32
35
20
31
27
21
19
38
12
28
19
26
29
22
33
24
25
28
22
31
65
6
36
23
31
38
31
34
32
40
30
40
38
22
24
34
25
23
26
25
16
21
22
22
18
23
23
24
25
18
28
19
23
17
21
22
28
41
27
36
25
22
13
22
17
22
29
25
17
19
20
17
21
18
16
16
19
17
18
20
24
21
12
20
17
39
15
65
53
40
21
22
21
21
33
14
21
15
25
14
22
20
24
24
30
25
32
25
29
25
20
26
28
47
23
33
29
48
35
35
39
27
37
25
14
27
22
29
73
46
45
33
42
39
44
31
39
34
39
39
41
50
67
29
30
51
38
20
20
13
15
15
19
17
18
23
17
14
17
13
56
17
13
27
21
17
20
17
14
15
16
91
108
39
21
21
14
19
18
17
15
23
20
13
18
13
26
31
98
101
26
16
18
18
12
17
29
20
23
31
13
83
52
28
27
29
31
22
24
18
17
13
10
20
59
17
12
15
21
25
13
14
15
22
15
15
29
16
36
19
18
22
27
64
40
25
25
22
30
20
20
26
39
20
40
35
34
22
21
27
15
16
21
21
25
61
34
33
25
18
21
29
32
27
25
28
23
21
11
18
19
27
31
32
17
16
17
19
13
19
24
60
60
32
24
20
14
7
26
11
20
16
19
29
40
25
20
20
24
35
51
43
25
20
49
18
28
26
30
29
20
10
37
34
21
15
32
40
86
26
36
54
62
98
132
19
21
105
105
343
281
41
55
35
35
44
89
129
132
43
22
20
25
14
13
30
15
28
33
48
21
33
94
82
39
46
40
44
75
282
243
42
35
23
16
16
35
62
41
23
21
10
14
17
13
21
25
54
59
31
19
14
21
236
222
20
20
44
32
46
31
22
47
40
25
15
18
18
32
21
30
23
65
48
32
28
24
16
35
334
17
24
62
29
23
24
15
18
11
13
122
15
20
16
15
19
17
16
16
16
20
19
14
17
19
20
24
30
27
25
25
14
32
36
34
22
20
12
23
53
42
45
51
43
24
29
136
68
37
22
28
22
52
22
14
16
16
16
13
44
98
176
39
6
15
29
21
27
31
23
73
80
51
29
28
174
249
239
28
38
48
41
36
244
271
26
22
16
19
24
22
18
11
20
61
42
29
24
35
26
26
26
38
26
23
46
134
29
32
23
27
33
25
20
21
27
12
26
22
13
33
21
15
16
41
41
31
14
15
12
13
12
24
22
15
32
39
35
37
39
47
33
32
24
24
41
24
23
23
36
186
124
32
24
52
16
11
53
38
16
24
238
244
23
34
50
45
45
41
35
53
17
30
24
31
16
18
24
23
37
19
25
17
22
33
28
29
30
36
31
21
18
16
20
26
21
33
46
24
34
27
39
28
24
20
21
25
29
28
28
27
21
24
32
29
14
13
23
18
21
23
51
37
28
19
31
13
17
11
63
27
24
15
17
134
132
30
25
54
41
35
283
217
16
12
14
28
33
31
31
31
21
18
60
29
53
240
267
42
71
66
38
37
45
17
16
22
24
31
18
14
15
24
19
22
18
15
19
32
22
25
32
34
236
223
35
27
22
28
15
19
33
33
33
15
30
34
29
26
28
27
21
17
18
24
17
16
16
18
22
38
24
34
18
13
17
29
11
22
31
27
235
56
19
13
15
12
16
14
246
251
29
35
35
21
27
44
38
35
24
33
29
15
8
27
44
28
24
26
22
17
18
36
254
236
32
20
38
268
46
24
23
24
13
20
32
21
24
27
33
24
9
17
27
21
23
17
29
36
33
25
24
24
28
26
25
24
14
16
22
24
19
21
19
39
32
33
24
28
24
21
17
20
19
31
32
34
31
44
42
28
21
16
18
19
19
19
35
25
20
24
23
37
19
36
24
29
40
30
20
20
34
57
45
184
85
21
40
37
26
19
144
143
32
18
13
19
27
20
31
28
20
16
15
16
11
41
23
35
222
17
21
16
14
25
21
23
24
35
33
26
15
36
13
18
15
22
19
25
26
32
26
19
21
22
19
12
23
18
21
20
24
56
32
23
38
41
39
31
35
22
29
15
17
22
30
34
27
18
24
36
44
19
18
12
25
25
26
34
26
43
193
103
49
26
23
31
55
37
34
257
246
29
23
24
105
281
42
43
51
47
30
43
45
66
28
29
24
24
27
31
31
38
27
32
26
18
25
20
47
72
57
33
23
37
43
60
26
21
25
29
35
31
24
36
34
84
58
38
33
62
43
63
45
24
20
20
21
24
21
64
30
32
29
25
31
26
18
29
27
26
32
37
43
183
79
60
30
32
38
34
38
39
44
244
238
35
41
33
28
245
32
27
37
23
22
25
29
28
37
45
48
44
31
26
22
101
61
59
78
78
25
25
29
19
23
33
21
22
24
36
27
27
20
29
25
35
27
32
38
22
19
29
32
17
18
27
33
33
29
18
25
41
38
35
29
31
33
33
37
38
30
29
38
25
28
35
11
26
34
41
216
75
31
33
37
31
249
231
26
32
15
252
35
36
27
37
26
22
42
30
34
39
24
24
40
35
17
31
31
20
24
30
16
41
38
24
28
28
26
22
27
33
24
22
27
36
29
39
29
24
31
19
18
26
38
33
32
49
27
31
30
34
25
53
26
38
39
31
27
26
25
19
49
31
19
41
39
53
39
37
39
42
41
236
30
30
43
48
61
149
133
18
20
24
26
48
35
253
30
35
29
29
35
26
45
32
46
50
35
28
42
31
78
57
41
41
59
26
43
20
71
104
51
40
41
45
52
42
22
28
33
31
98
52
34
27
23
26
23
32
27
32
64
44
29
51
30
33
31
29
24
51
110
65
96
70
56
63
70
67
40
46
63
64
90
93
211
37
44
15
26
31
29
259
229
23
24
17
35
25
31
29
43
35
20
17
28
25
22
32
43
59
37
43
47
38
43
32
27
27
35
20
26
32
38
38
27
26
17
21
30
29
33
42
36
93
24
52
40
31
56
49
43
62
77
43
26
35
26
48
42
70
60
44
37
39
35
19
30
37
42
37
91
76
89
316
243
42
45
33
72
246
33
46
30
21
23
22
32
25
52
41
55
46
56
62
90
87
49
38
31
73
77
67
45
38
70
82
54
52
100
85
77
66
83
61
49
45
87
87
94
52
87
47
50
45
64
77
54
63
52
42
39
41
38
50
60
42
47
103
93
74
133
87
49
33
36
186
128
29
23
15
39
118
77
94
123
359
291
85
112
44
51
52
46
71
48
38
96
93
104
61
57
46
48
42
46
78
60
51
36
92
84
68
39
23
33
45
27
55
107
47
37
96
181
87
43
39
41
42
39
60
138
109
75
51
83
89
40
49
45
37
42
69
67
65
47
49
75
60
62
66
48
57
122
69
33
21
27
25
31
56
85
34
26
26
28
23
23
15
24
38
29
22
28
24
30
31
49
49
48
51
41
32
59
38
46
39
47
42
47
33
40
100
96
78
62
42
267
245
152
53
66
44
27
38
25
23
26
32
37
30
42
27
33
22
17
15
19
13
24
19
21
41
37
42
40
28
27
20
17
19
25
15
24
21
23
34
28
34
34
24
26
17
16
38
39
34
25
34
34
53
36
58
47
30
32
23
35
36
29
34
23
25
29
20
19
40
41
234
196
96
22
21
24
32
23
14
24
31
17
21
30
15
19
18
27
25
25
32
28
20
22
36
42
32
21
32
34
32
25
32
28
37
30
23
25
27
35
37
24
29
30
23
29
19
23
38
43
36
33
19
30
53
36
91
131
15
18
20
29
25
84
42
34
35
30
29
27
31
23
23
22
25
25
21
40
53
34
35
30
17
27
46
35
43
46
67
21
25
23
21
25
33
31
36
33
23
36
21
25
21
28
47
45
26
23
22
23
34
69
72
90
88
36
29
23
25
22
26
65
49
41
42
32
24
26
26
20
30
40
40
40
207
170
29
37
41
23
30
38
31
34
35
39
32
23
29
32
26
35
38
28
26
30
32
26
33
19
25
31
34
29
33
36
31
42
36
31
21
25
25
18
21
36
28
30
34
31
33
28
30
24
12
26
18
23
35
28
25
26
22
8
22
25
30
36
33
21
27
21
30
22
261
249
26
19
27
24
32
22
21
19
28
26
24
19
32
51
35
32
39
43
35
36
32
25
24
23
26
19
28
26
24
23
30
27
49
31
23
22
23
34
24
24
28
27
26
21
27
25
19
22
20
25
32
26
21
92
409
28
266
186
63
269
222
36
24
26
26
25
33
27
27
25
27
29
17
25
25
21
26
276
129
20
24
36
32
29
175
133
76
75
29
40
34
15
26
34
42
30
24
22
24
24
30
36
28
30
34
39
25
31
76
32
34
35
32
31
19
16
17
23
25
21
22
27
34
34
32
21
16
20
