32
40
38
49
44
44
39
40
37
31
51
47
34
40
29
23
26
34
27
35
45
33
26
37
35
49
43
27
19
31
34
38
30
26
32
24
27
36
32
30
35
31
39
36
198
39
72
46
28
50
102
44
29
32
24
29
37
30
30
45
38
30
47
31
25
23
30
40
37
35
27
24
45
39
60
117
32
31
41
35
28
37
30
28
76
66
46
29
30
30
41
35
42
31
27
33
32
23
34
42
33
43
42
52
65
48
68
46
34
65
607
80
69
25
30
27
30
38
51
47
35
33
28
33
48
51
49
37
33
24
30
91
39
38
40
26
42
46
39
30
32
38
85
73
53
62
153
79
44
37
56
38
34
44
42
37
23
129
70
59
80
64
44
85
44
38
51
39
22
38
46
41
27
29
37
53
6
33
19
33
17
27
38
92
87
50
34
32
30
21
25
21
41
96
78
22
36
32
30
25
32
74
59
30
35
32
38
41
29
32
30
35
28
34
30
27
36
56
47
40
41
44
37
27
55
26
64
37
30
43
46
24
26
26
36
52
66
71
117
36
80
53
37
34
33
35
28
30
35
37
22
25
30
29
29
29
29
22
28
31
23
23
24
18
30
24
24
24
20
21
40
36
29
32
31
41
38
37
36
39
34
36
22
38
51
33
37
22
21
28
24
32
22
35
32
29
24
24
28
25
29
29
20
23
26
32
24
73
65
63
32
125
29
29
27
26
31
37
36
21
43
46
91
29
20
32
57
96
50
21
26
25
46
46
47
33
29
30
32
29
31
44
33
24
27
22
17
19
30
26
29
22
22
25
40
45
36
33
31
32
43
37
27
40
37
26
24
16
24
35
41
59
30
57
40
35
33
33
29
26
42
24
23
27
30
82
19
19
10
17
19
22
26
28
38
41
25
29
60
21
19
18
24
16
16
54
60
27
22
72
53
17
22
26
22
25
31
29
23
29
21
28
28
33
27
21
42
37
20
61
22
60
34
30
31
33
29
31
60
234
234
51
28
34
33
32
29
28
35
29
28
45
41
27
30
35
27
25
30
32
19
26
33
24
23
39
39
33
26
30
33
27
33
23
37
26
36
51
79
520
26
28
22
25
21
30
44
56
22
29
34
24
22
31
22
29
28
33
23
25
135
380
31
33
38
27
30
377
115
36
33
33
36
36
45
42
31
35
27
19
31
24
42
45
40
42
32
29
32
32
54
22
19
24
26
44
50
37
28
24
29
32
33
31
25
15
35
34
27
37
16
22
29
32
60
46
28
18
20
20
21
18
24
34
30
19
35
25
41
38
43
43
44
33
28
41
30
35
23
31
24
28
39
37
29
29
28
25
31
36
32
27
36
34
40
44
33
29
37
33
44
41
34
46
28
32
28
28
39
36
23
34
37
43
43
41
32
24
23
26
24
34
40
38
32
33
31
38
25
31
26
26
23
38
33
33
45
35
34
25
27
47
45
35
36
32
31
27
45
32
33
33
36
40
72
38
34
47
33
33
38
26
33
35
44
49
31
25
21
33
44
49
82
626
267
27
43
53
45
29
28
37
30
27
35
28
32
30
23
29
29
29
39
43
29
22
28
43
38
31
29
33
30
21
25
35
39
48
32
32
18
29
35
48
46
49
19
35
33
29
29
40
17
33
41
33
39
31
28
22
42
25
32
28
24
41
34
60
56
37
32
38
34
47
30
28
31
45
45
31
26
24
20
20
21
22
28
25
54
31
43
35
13
18
32
20
27
25
33
23
48
38
29
27
29
35
29
25
25
33
38
23
26
32
36
19
28
18
30
25
21
25
25
26
38
23
28
21
28
25
19
20
26
22
24
26
29
26
23
26
21
28
26
15
20
21
19
22
12
43
39
33
28
34
32
42
35
19
34
22
21
56
40
24
25
28
23
27
32
28
18
23
20
31
48
36
53
36
91
36
29
23
34
23
31
34
22
32
35
32
32
20
20
16
39
29
27
45
35
33
26
23
58
61
36
56
39
50
29
28
31
32
36
31
43
38
35
36
33
32
35
18
22
29
29
24
32
27
21
18
22
28
29
25
30
25
21
19
21
25
25
38
70
39
29
19
21
26
30
16
26
29
20
19
28
28
20
24
27
22
20
25
22
19
28
25
18
22
29
25
24
60
56
36
41
26
23
34
16
39
18
17
19
15
16
21
25
28
28
28
26
36
36
30
28
19
25
37
35
26
34
36
47
40
34
46
33
18
37
28
26
29
36
76
81
32
26
53
40
58
48
39
38
34
30
31
34
26
38
23
39
31
20
19
21
22
23
30
29
25
23
18
14
34
20
33
22
24
21
23
36
29
27
38
23
18
22
30
35
34
31
44
34
24
20
18
30
41
28
27
27
41
28
35
21
63
617
287
24
35
26
27
26
38
43
30
26
30
42
61
32
36
52
44
29
38
22
17
23
22
22
38
16
17
22
34
25
19
15
31
21
17
102
27
26
32
26
26
62
35
55
27
32
27
30
30
21
16
25
43
53
30
46
31
25
32
40
31
32
23
20
34
35
44
49
33
26
25
41
49
57
43
28
18
26
26
25
34
35
34
80
35
28
38
26
28
21
23
46
47
104
31
63
27
33
23
65
42
53
27
18
82
35
44
34
30
32
97
42
24
22
31
40
23
34
26
26
25
19
41
31
25
28
21
26
46
101
28
54
56
57
309
30
88
99
187
203
216
37
38
49
63
52
174
66
77
487
27
53
23
20
18
91
25
61
52
62
74
28
93
47
68
36
34
23
30
41
82
81
25
24
24
23
23
135
42
24
28
15
17
23
30
40
29
102
58
27
22
30
22
64
61
128
63
76
63
149
43
38
40
96
30
19
19
36
35
36
93
40
74
73
49
44
27
25
41
94
42
19
29
30
24
31
30
23
19
19
16
19
30
23
21
24
24
13
19
21
19
23
24
19
38
28
26
48
50
39
35
28
54
73
35
32
41
23
38
94
82
22
40
50
35
90
77
83
20
27
20
24
52
31
18
21
26
25
24
47
33
57
28
28
23
31
35
27
40
35
52
42
39
30
40
49
75
63
30
43
53
35
37
46
81
44
30
28
25
27
27
20
18
26
33
46
38
21
27
26
35
26
28
22
29
34
43
37
30
35
30
33
22
34
25
41
33
26
28
20
22
28
26
27
26
30
21
33
21
19
23
19
15
20
22
20
23
23
42
53
38
47
38
33
33
32
30
18
29
21
44
39
64
19
24
21
17
28
80
75
23
21
22
34
80
27
64
59
35
47
49
42
35
25
32
25
23
33
26
31
29
39
33
30
39
46
38
33
39
45
41
24
27
24
23
20
24
22
43
25
18
28
40
33
28
30
20
29
26
32
33
19
22
24
21
30
36
26
15
22
19
27
39
39
32
29
26
21
22
19
30
36
35
34
20
57
22
33
37
30
37
46
23
84
64
32
22
64
37
25
31
33
21
29
35
26
29
71
32
62
89
54
50
20
25
24
19
21
30
23
104
45
29
26
22
24
15
25
20
27
28
143
47
102
117
112
32
30
86
27
22
24
35
62
48
25
50
41
27
22
31
20
24
23
15
16
22
25
20
15
21
28
19
23
23
25
15
13
25
23
48
41
65
19
15
22
16
24
20
22
49
96
93
39
43
42
61
46
50
43
40
44
33
26
26
35
68
53
32
24
38
32
33
72
82
73
32
30
100
136
51
562
504
23
20
37
26
39
35
47
49
30
29
47
29
45
14
51
49
53
40
45
36
24
31
22
15
41
24
21
27
23
22
76
41
54
38
26
25
27
26
19
27
22
37
28
34
24
48
32
24
30
19
30
23
19
41
32
31
25
29
32
30
37
47
36
44
36
41
26
20
26
30
49
27
72
37
28
23
46
42
31
97
38
36
38
26
29
33
33
38
34
23
37
31
26
21
21
34
23
42
82
25
29
25
30
39
21
37
38
50
28
27
29
20
17
27
31
24
44
27
35
33
25
25
30
34
23
31
24
27
21
28
37
43
30
22
65
32
39
34
29
30
24
29
31
34
55
34
28
21
31
43
24
27
21
20
25
29
30
37
33
31
93
33
38
26
24
56
44
30
51
93
44
29
26
52
100
43
76
48
69
53
33
48
42
72
41
42
43
43
54
51
54
67
26
44
51
40
47
32
52
39
87
26
57
85
55
38
41
39
44
33
42
38
35
29
36
43
66
48
39
67
54
66
48
40
30
21
21
24
22
37
38
35
29
29
32
31
47
24
30
33
38
33
30
32
46
33
68
55
41
37
33
47
47
42
43
85
81
62
96
46
41
75
31
43
95
36
32
31
31
33
37
57
34
50
38
36
30
100
56
31
91
60
26
23
16
27
19
21
36
21
28
51
36
72
37
38
52
39
29
33
53
14
56
44
19
31
50
44
36
59
33
14
57
49
56
39
48
38
22
65
40
39
32
27
36
25
42
34
25
48
48
58
28
89
39
47
57
47
68
65
40
38
29
41
91
27
31
23
34
30
38
38
31
40
34
37
44
39
30
31
27
19
33
35
70
51
213
31
24
28
25
42
38
31
26
28
46
36
29
31
27
37
31
25
26
29
26
34
53
39
49
61
27
24
21
24
57
50
56
40
34
49
26
34
28
68
62
28
58
40
51
44
41
48
45
79
33
34
76
45
47
41
90
25
29
44
41
268
3633
1771
57
38
29
31
26
71
59
48
34
43
30
26
23
58
38
48
58
63
102
99
38
58
43
70
120
48
33
75
76
58
37
350
60
59
53
85
566
68
65
52
49
62
50
1036
2883
87
52
28
33
32
32
38
55
34
88
80
156
55
73
73
31
66
38
64
72
70
64
79
59
64
37
31
25
33
40
48
85
33
33
32
35
29
26
30
55
69
34
27
25
26
24
26
41
36
56
47
39
70
51
43
33
41
37
33
26
37
40
47
45
30
43
38
21
27
34
32
49
44
66
49
32
52
40
54
56
58
48
55
48
38
39
38
53
40
166
86
69
47
50
41
33
36
40
33
29
46
53
93
65
44
82
43
40
38
48
69
28
35
26
47
52
39
40
35
44
54
65
60
77
65
123
111
56
40
41
55
88
63
54
58
83
98
99
61
121
104
84
104
98
63
39
47
84
92
78
95
92
79
54
58
97
65
46
44
74
52
46
57
57
67
65
71
49
94
76
77
131
83
53
53
36
44
95
40
52
21
51
86
123
55
95
97
130
82
61
55
72
72
44
73
72
37
28
86
43
52
75
51
51
59
43
50
109
100
42
41
86
64
69
27
28
57
38
81
103
112
74
33
53
65
79
39
41
43
39
90
125
96
103
51
41
82
74
54
65
27
49
79
88
49
37
50
42
61
59
59
71
63
75
111
57
25
25
29
37
208
125
125
34
33
37
25
23
28
22
129
119
24
29
37
29
44
62
54
67
45
54
52
37
34
30
33
63
49
55
41
59
190
52
40
50
36
51
95
57
66
48
37
20
26
24
31
39
24
56
42
42
28
26
35
19
22
19
22
28
20
20
23
30
35
35
35
23
20
27
23
166
22
20
28
33
43
28
30
28
31
20
24
18
46
73
54
40
32
36
40
43
33
55
56
15
34
22
44
33
32
29
49
42
36
51
701
381
70
26
59
17
26
39
24
16
25
46
45
30
29
29
23
18
23
25
34
21
31
29
23
25
25
46
35
25
38
35
39
28
48
42
30
30
37
26
25
35
38
37
31
32
28
24
26
26
37
33
56
44
21
31
61
29
26
112
28
18
17
25
20
19
47
37
41
38
39
47
35
37
28
24
24
26
20
24
52
45
45
42
28
26
42
36
27
44
29
26
36
26
27
28
36
34
29
38
99
77
39
32
28
50
47
36
40
469
44
35
34
37
27
189
44
53
90
42
62
36
24
26
31
149
121
39
46
42
32
38
35
214
229
27
43
35
38
94
34
29
44
35
27
25
37
36
29
42
31
52
48
28
40
34
39
37
32
28
37
29
32
27
26
29
36
21
33
39
26
22
28
28
30
21
28
27
34
26
24
33
34
29
28
25
29
34
43
30
55
317
22
25
26
40
31
26
40
39
39
31
191
81
29
21
22
31
36
79
23
26
23
28
33
30
17
21
24
25
29
27
49
37
48
38
68
73
42
50
42
23
48
44
31
34
29
36
39
30
38
56
51
48
28
20
28
23
32
25
22
28
28
26
26
31
27
24
30
26
24
22
16
29
126
21
32
58
87
82
25
88
53
24
24
29
29
33
27
36
31
51
54
35
31
34
24
32
88
23
44
103
109
42
230
109
57
30
26
27
35
25
21
24
33
51
37
39
25
26
27
56
78
30
31
29
34
30
25
33
34
34
103
87
26
36
38
37
30
28
21
38
45
35
35
32
41
44
21
30
40
69
