39
47
45
49
51
39
24
46
40
38
33
51
47
42
102
132
24
31
34
32
1189
35
32
44
58
56
41
23
32
25
36
40
36
27
33
41
29
34
31
146
61
95
103
172
224
422
44
115
137
259
222
150
129
199
33
64
109
66
52
60
60
52
39
27
35
34
26
26
27
29
36
36
39
43
32
25
35
100
105
37
36
29
47
118
65
29
37
42
36
45
51
41
21
25
36
31
31
94
125
52
62
58
31
99
62
51
47
121
218
252
382
69
28
38
42
124
156
259
32
29
32
38
72
50
57
33
34
47
79
34
32
34
33
41
33
44
125
1170
68
70
74
66
67
138
104
46
45
74
35
45
48
64
62
47
39
105
70
81
189
62
200
115
239
416
78
98
122
139
193
94
240
45
38
95
123
136
74
139
33
140
139
212
78
77
37
34
32
29
1333
44
45
45
29
57
50
37
36
41
28
42
26
33
33
59
58
46
40
44
149
42
157
102
265
402
134
108
43
93
98
202
83
265
62
41
127
32
42
31
151
1181
36
40
71
108
76
88
48
31
30
37
32
27
28
23
38
39
44
170
33
82
91
41
231
336
190
38
83
47
52
139
190
98
183
16
35
95
30
29
41
23
32
36
53
29
34
104
237
1243
31
33
68
56
30
24
24
32
30
21
24
30
48
38
26
26
46
39
136
40
129
121
204
430
16
21
18
56
33
45
57
56
35
40
59
48
39
27
38
49
31
38
154
26
140
85
298
440
51
92
71
135
172
78
250
29
31
84
53
36
41
121
36
28
23
24
37
41
33
30
77
40
50
42
37
37
31
38
29
52
122
40
28
22
23
29
76
43
36
31
46
48
54
1370
39
34
29
46
38
40
42
35
38
34
28
33
20
20
32
35
27
35
47
148
127
76
225
379
185
86
67
34
167
118
77
251
290
214
77
51
33
38
32
43
38
28
24
33
36
31
39
33
31
106
99
40
33
40
35
44
31
28
35
24
23
27
32
36
42
35
44
43
48
96
123
1230
37
64
43
43
49
52
30
30
42
43
34
23
27
28
23
38
33
38
88
130
110
72
236
393
170
88
98
110
134
187
149
141
27
64
66
58
53
43
122
38
41
31
31
29
27
42
35
38
50
22
46
40
25
25
26
30
1184
62
38
36
108
96
47
38
39
38
32
23
27
37
42
44
48
39
105
71
36
70
593
140
48
96
86
110
211
359
331
165
34
36
122
37
38
32
38
31
35
48
35
32
123
2303
57
62
39
32
32
40
111
1556
173
98
1255
432
198
220
89
79
480
135
109
50
38
35
48
39
33
27
140
368
132
83
220
355
232
80
59
60
322
0
114
165
37
47
152
28
33
34
39
44
51
52
48
41
35
33
41
37
33
40
106
60
41
35
1371
34
35
28
33
48
56
40
34
37
42
45
29
29
28
30
40
36
41
37
166
138
93
253
413
114
99
65
61
136
185
112
179
43
42
111
59
48
27
39
32
37
33
35
33
41
101
48
44
46
27
34
42
44
56
53
42
33
34
26
40
49
45
41
27
27
34
36
39
33
321
27
32
38
24
1293
245
49
35
29
38
52
54
34
42
38
38
35
36
33
36
32
34
23
45
160
45
148
88
262
422
60
69
81
147
149
83
258
36
48
99
57
50
66
105
31
18
23
32
51
99
46
34
38
33
43
40
67
47
36
58
53
29
26
99
25
25
24
26
32
27
34
38
53
24
25
28
29
25
24
27
29
29
125
38
38
38
40
35
28
1230
213
34
32
35
61
38
44
22
70
51
33
35
47
30
48
35
28
25
25
137
118
56
263
409
108
78
76
125
156
75
253
30
31
91
56
29
20
19
27
26
24
38
29
33
48
34
33
33
31
37
36
35
36
68
100
30
33
40
44
36
25
24
26
23
41
35
28
42
41
63
28
34
25
39
127
28
44
38
24
24
31
31
23
25
26
25
33
32
32
38
42
20
26
45
131
28
44
39
32
34
26
31
25
38
36
37
44
41
30
24
34
19
22
20
112
22
29
28
37
37
1205
214
36
38
22
27
36
35
41
44
33
25
28
39
31
35
30
22
26
24
151
135
26
273
420
96
88
74
133
147
74
244
35
24
106
29
30
35
98
29
30
38
35
39
38
32
26
22
25
25
18
26
16
21
22
28
35
26
115
90
259
371
307
30
118
47
45
44
29
40
40
35
35
38
111
40
39
37
101
40
36
42
47
41
41
140
55
31
319
238
113
45
45
49
48
38
35
33
50
37
43
35
33
25
16
97
28
24
37
25
19
26
18
24
29
30
24
27
26
27
35
35
27
32
23
103
74
24
33
47
32
26
29
26
25
29
20
25
29
22
32
30
69
27
121
88
31
39
27
22
43
46
29
29
34
46
42
50
51
27
54
68
43
32
97
109
23
27
20
29
32
29
28
32
30
29
20
16
20
23
25
40
33
25
63
108
32
29
33
23
27
44
44
36
35
26
22
29
60
48
32
41
44
77
0
115
29
24
29
33
39
37
55
40
49
25
35
38
33
33
33
30
27
26
35
99
24
32
36
26
23
27
24
23
28
28
16
29
37
38
28
52
0
20
18
114
28
25
27
20
23
27
27
31
25
30
34
44
32
30
26
38
40
32
30
79
44
106
21
43
22
43
47
33
32
51
26
54
55
45
82
26
30
109
44
200
178
97
84
34
51
36
41
29
36
53
50
31
21
21
17
31
29
26
102
88
48
99
75
62
58
61
53
53
43
185
92
166
44
26
30
28
35
126
40
31
31
17
15
25
20
20
24
38
57
39
23
20
23
77
114
129
55
37
37
43
48
165
38
33
49
25
23
59
27
31
43
37
34
62
36
29
25
30
157
89
20
103
28
28
32
28
26
27
25
27
20
26
28
31
26
22
19
17
18
20
20
103
21
18
24
28
34
77
138
42
46
37
24
26
155
35
118
25
21
29
41
99
39
63
322
34
103
196
111
24
28
70
38
27
25
24
24
21
24
46
70
189
90
48
38
31
36
39
38
32
44
61
51
249
28
118
289
189
31
63
73
117
46
37
186
49
29
99
30
31
25
26
25
28
44
39
33
31
39
46
33
80
29
46
46
42
110
35
35
32
31
38
59
32
32
29
25
25
22
18
25
51
27
22
33
44
118
86
24
27
27
18
19
31
30
55
38
39
43
50
45
98
55
38
42
37
94
35
34
24
59
107
42
71
20
159
66
56
35
22
41
46
64
60
43
60
48
29
45
92
113
23
37
35
36
27
35
40
44
38
36
32
26
47
41
34
32
40
30
104
99
24
28
27
31
38
40
27
28
35
37
40
28
92
38
33
28
35
29
101
24
30
43
146
32
19
42
40
26
31
46
39
33
28
18
24
22
23
36
42
38
34
23
107
86
29
34
37
40
42
49
36
14
23
19
36
37
37
35
50
30
26
32
157
138
46
54
147
161
84
62
29
29
32
32
29
35
23
28
30
26
38
40
89
93
25
21
25
29
29
31
33
49
164
149
129
48
115
32
23
37
60
53
85
134
47
36
36
82
32
25
23
23
21
25
27
24
20
19
30
22
30
21
28
102
20
26
30
40
38
48
31
27
23
26
23
26
16
34
62
63
57
49
42
143
68
57
31
43
28
31
28
18
44
40
48
30
31
22
24
31
48
43
49
99
24
100
90
45
47
36
26
25
28
42
26
33
24
35
32
19
40
31
39
115
92
52
188
134
23
42
39
36
21
33
25
24
22
24
27
34
33
173
175
194
99
34
29
27
34
31
29
30
36
37
31
110
45
37
42
31
34
27
31
89
33
39
29
42
36
170
30
38
47
35
33
37
29
31
34
28
77
0
26
50
34
41
42
54
36
151
63
34
33
50
24
34
34
51
43
28
26
25
37
28
30
33
29
29
35
123
29
26
31
49
25
37
45
40
44
37
32
30
31
40
37
32
41
37
34
118
39
34
42
35
28
23
31
31
32
38
41
41
31
32
50
89
67
72
94
102
33
32
49
50
34
36
32
26
52
35
36
26
21
27
35
32
35
44
106
104
34
38
30
21
34
56
44
55
37
44
29
34
37
64
61
49
40
50
102
129
46
51
44
47
36
59
55
35
44
27
56
34
34
36
26
35
39
42
45
127
46
50
52
54
43
51
35
47
37
38
43
38
35
41
39
88
64
44
39
119
69
71
69
46
34
53
119
116
44
44
55
38
36
41
33
29
24
32
49
121
34
38
36
43
40
36
44
50
51
29
45
44
47
43
41
43
65
53
53
128
89
40
67
45
68
29
38
46
35
38
43
60
65
38
33
35
158
44
37
122
43
36
41
26
27
19
34
33
29
34
31
54
52
39
34
36
48
36
29
43
164
35
39
39
38
35
59
42
34
146
33
38
39
79
68
37
35
31
45
49
47
34
27
39
48
43
38
28
35
59
61
40
40
55
55
49
42
30
30
42
37
43
36
45
45
48
43
50
48
57
55
42
37
27
52
51
44
40
42
27
29
30
30
78
61
48
47
39
32
32
41
46
38
22
46
81
41
36
39
36
41
30
33
38
33
35
49
47
60
78
51
34
29
57
50
76
56
39
36
35
60
46
53
81
50
34
79
64
56
39
41
48
48
35
35
34
38
76
194
37
31
37
42
25
30
38
92
102
120
54
53
51
39
55
70
48
69
88
65
33
41
37
42
49
39
52
63
96
81
50
47
48
58
87
112
45
45
58
57
44
43
45
41
51
102
106
62
47
55
33
52
45
45
91
67
106
57
39
42
41
66
30
37
51
75
82
86
52
91
72
54
76
61
65
101
70
85
63
37
41
52
39
24
42
46
35
31
37
34
36
33
38
51
56
54
43
37
32
36
39
39
33
44
53
42
52
48
41
40
48
36
37
38
35
42
36
40
42
37
34
27
30
40
45
43
76
295
63
45
40
78
42
48
101
109
95
64
34
39
61
39
28
53
101
132
69
141
219
46
37
38
44
37
55
121
98
103
232
145
136
40
54
68
172
41
43
98
101
28
23
28
40
52
41
55
73
67
80
74
180
88
48
55
65
99
104
115
117
78
71
87
63
144
121
57
111
145
78
67
41
97
103
90
77
70
53
69
109
112
115
66
59
92
61
50
72
76
80
58
56
54
41
169
94
159
142
127
108
40
56
126
101
41
35
31
158
120
78
116
232
248
134
70
142
157
67
46
180
69
38
42
82
92
112
156
48
55
64
48
47
158
90
29
47
136
105
75
27
34
42
37
43
147
113
229
537
657
474
81
49
58
46
26
41
258
141
170
82
55
77
54
89
62
43
63
137
174
67
47
43
157
114
89
53
108
90
93
142
32
27
36
36
36
37
476
47
38
37
30
47
112
27
26
33
28
28
29
34
31
31
42
53
40
50
32
41
60
65
43
37
38
64
36
45
45
67
58
67
47
43
46
185
183
64
67
63
31
35
35
33
51
32
45
52
53
38
68
32
118
292
19
25
242
25
30
35
52
45
57
68
60
39
37
31
24
35
33
30
34
33
46
42
31
27
30
25
48
37
40
52
40
38
43
334
35
83
338
72
32
30
48
52
46
42
28
31
34
49
57
48
42
35
67
32
39
42
27
36
42
34
32
37
35
31
33
24
29
45
32
37
33
28
24
34
43
38
49
32
45
45
61
44
42
42
43
44
43
32
35
33
42
50
45
34
39
45
46
36
29
42
74
55
28
42
58
62
175
161
67
58
34
30
35
41
41
39
39
43
47
38
47
36
31
30
30
32
27
29
48
64
47
65
39
31
279
418
172
66
39
37
35
31
30
30
27
35
46
43
42
30
44
34
27
33
43
32
51
61
39
34
36
53
37
36
42
169
164
44
50
55
39
29
33
143
237
83
141
34
111
44
41
31
37
42
46
43
189
170
45
40
60
37
31
53
51
42
42
39
35
74
72
35
112
45
37
43
31
32
47
37
42
30
40
26
33
30
34
44
39
43
32
94
106
21
35
41
28
107
29
38
40
24
31
38
37
34
37
51
51
27
24
72
116
30
31
45
34
55
35
33
46
32
38
35
35
39
189
147
30
27
43
32
108
30
25
37
28
31
38
38
60
49
66
37
63
50
58
40
44
51
54
55
116
39
31
42
36
37
36
43
42
86
37
33
30
36
35
31
41
77
0
38
114
38
34
26
24
30
27
29
24
28
115
381
67
299
227
183
45
123
19
31
107
83
34
46
35
44
42
34
39
40
36
37
34
168
30
41
35
43
34
39
284
144
50
35
36
40
54
47
25
35
55
51
51
33
27
33
39
40
43
43
42
44
47
37
40
35
56
40
43
31
39
42
35
33
30
30
45
37
37
36
42
41
44
137
31
35
37
37
