587
51
49
49
34
28
67
52
73
70
57
50
43
0
49
39
23
42
21
33
54
44
50
47
53
72
42
32
32
36
40
50
574
32
55
44
39
33
32
39
72
89
60
40
52
50
44
32
60
57
45
90
43
44
33
44
60
55
56
43
63
69
72
52
31
30
23
49
32
31
36
27
37
46
50
49
42
33
44
40
42
39
39
34
45
88
92
38
35
42
24
44
33
61
22
28
39
30
18
121
110
51
87
76
79
80
57
44
46
45
49
155
30
93
78
35
53
42
45
60
66
53
29
33
43
45
69
53
46
42
31
34
72
56
51
77
72
37
37
35
34
46
79
47
71
127
52
50
106
59
45
46
64
35
51
56
439
837
26
36
86
59
955
449
59
91
61
37
73
23
38
31
53
60
30
55
23
43
47
44
36
29
27
36
33
40
46
72
55
67
53
47
33
42
51
54
69
72
60
53
62
88
34
41
54
75
46
48
64
74
94
60
52
44
33
47
115
95
39
46
85
103
47
46
41
44
20
37
75
60
60
44
40
81
87
30
43
39
39
85
80
72
86
62
67
41
53
39
32
43
28
42
49
46
33
30
45
63
45
37
35
24
39
42
32
31
33
43
31
31
32
31
26
19
38
42
47
31
44
37
54
46
37
36
46
43
35
46
61
36
52
32
22
25
55
28
42
85
95
115
36
36
38
41
36
38
26
31
47
34
35
27
62
32
31
29
31
44
42
51
36
51
53
40
32
44
50
39
35
48
58
110
122
100
41
21
46
33
53
35
41
40
28
38
28
28
30
65
44
39
36
23
20
26
33
29
35
34
27
39
42
51
48
39
27
53
39
36
47
78
31
20
40
20
32
44
74
32
35
43
45
68
48
33
31
35
50
59
32
38
30
35
28
35
25
27
54
72
46
34
39
44
40
48
55
35
33
26
17
30
28
20
25
31
31
26
29
32
21
26
33
32
33
42
44
29
25
33
72
48
47
34
32
42
39
48
31
29
42
39
55
28
32
35
32
23
191
26
33
51
40
52
38
54
39
29
43
35
88
53
82
72
39
35
30
34
37
45
31
27
33
37
32
49
38
37
41
45
52
36
35
30
47
37
50
71
63
65
45
31
34
34
29
40
64
28
26
36
48
35
31
21
32
39
36
34
34
30
39
49
34
25
34
36
44
46
45
47
35
44
38
50
31
45
43
55
60
79
28
29
31
43
61
77
44
49
35
34
41
46
54
30
43
43
39
36
39
49
34
29
37
40
39
34
33
37
31
41
41
40
33
40
977
82
53
47
33
31
36
43
114
123
28
369
208
94
101
45
45
66
81
237
70
49
49
31
57
30
33
31
52
60
52
36
37
31
46
38
30
39
39
28
33
24
43
51
42
35
38
37
38
36
37
67
42
45
32
46
43
78
94
103
42
42
49
64
36
34
37
43
25
44
37
37
47
39
46
54
44
40
40
43
35
34
32
42
60
42
33
35
47
60
68
101
65
54
36
35
38
34
40
40
38
28
37
58
20
24
21
46
42
30
35
36
46
42
39
41
34
20
23
52
64
56
86
69
71
55
35
33
59
36
51
37
29
38
37
34
44
54
32
23
30
23
34
58
38
35
29
33
39
41
30
38
41
41
26
52
102
108
74
40
32
30
39
38
56
45
36
47
34
35
35
35
31
33
32
42
33
49
39
30
36
37
38
29
17
25
39
68
106
166
82
40
41
64
34
33
73
32
33
57
33
42
39
22
32
28
30
32
28
27
46
44
35
22
29
22
30
28
28
37
54
123
57
103
100
35
40
41
35
28
34
45
37
36
44
40
56
32
27
33
69
35
46
30
34
29
27
28
32
24
20
26
34
40
21
38
53
50
29
30
34
34
33
21
37
29
30
27
22
20
21
24
26
36
40
64
39
55
40
39
33
21
36
50
36
36
31
35
44
76
86
39
42
28
33
33
32
62
46
44
69
71
63
36
30
30
45
31
40
46
50
52
42
32
41
33
25
55
42
59
46
65
96
49
62
37
33
62
63
39
59
47
40
25
58
35
41
44
56
41
43
47
35
41
44
33
28
31
40
43
27
31
31
58
91
61
43
23
31
26
23
30
26
25
20
35
30
50
36
23
37
27
17
18
21
26
20
30
29
26
26
39
26
18
43
25
33
59
26
31
33
41
29
20
31
33
34
41
54
43
41
37
31
35
23
33
20
22
20
31
28
24
38
29
40
28
26
346
251
31
19
29
119
30
26
32
44
52
34
42
34
39
52
39
27
57
36
35
51
46
82
47
31
36
43
41
56
63
53
36
44
68
89
104
66
49
39
41
28
46
30
44
31
22
32
34
24
19
19
20
23
31
30
25
27
25
33
28
23
31
24
19
18
24
15
76
58
40
33
41
25
34
29
32
32
28
36
31
37
42
44
34
39
65
29
39
50
36
33
54
51
33
32
41
45
49
58
77
107
91
103
36
34
32
24
23
36
32
50
33
25
26
33
40
33
30
16
18
29
21
63
34
33
37
26
29
44
52
53
28
75
63
49
35
46
15
27
33
74
47
36
54
52
43
47
42
31
30
29
43
62
46
66
53
42
38
42
35
43
35
34
39
64
70
27
27
30
38
29
44
24
23
30
27
32
28
17
20
56
50
24
25
26
20
29
37
26
29
35
32
28
46
27
23
33
33
30
53
56
50
32
35
48
37
42
34
44
29
28
28
56
62
35
51
44
59
90
42
39
78
65
56
57
28
34
116
120
69
47
50
34
51
51
41
44
50
56
59
32
28
25
33
20
47
45
34
38
24
45
31
40
85
69
85
71
66
54
83
101
81
56
40
40
27
23
26
90
29
41
6
32
26
24
39
50
24
68
49
40
27
23
21
23
24
22
63
70
35
66
57
76
115
77
62
43
21
28
83
63
47
77
43
65
58
39
25
29
39
39
40
33
17
43
28
33
31
29
24
22
15
22
27
53
92
80
62
19
22
16
17
22
32
23
20
31
17
41
28
31
53
33
52
24
24
28
37
37
36
22
39
69
50
51
53
152
84
93
234
108
39
35
41
71
61
27
27
27
23
21
25
37
61
39
24
17
14
16
93
47
44
34
40
123
71
62
52
30
142
68
78
99
80
62
62
43
34
37
55
28
33
33
32
38
33
30
30
36
52
55
35
39
33
45
43
48
31
33
39
42
45
57
84
82
36
38
41
71
29
26
23
27
27
30
28
31
26
51
23
43
51
42
27
28
29
44
35
28
24
27
32
47
45
55
47
79
90
81
43
48
40
42
35
36
43
33
33
31
34
23
20
34
30
59
46
28
44
49
29
43
102
70
34
53
40
47
53
42
73
36
31
28
24
28
31
52
35
40
33
58
37
37
34
41
40
36
47
23
22
22
35
23
39
52
32
38
27
34
46
42
50
62
42
31
35
38
31
30
26
24
32
51
30
25
30
29
27
33
39
72
38
36
33
20
32
18
39
38
38
29
25
30
28
38
77
44
50
53
63
50
33
26
25
22
45
36
46
49
36
27
28
59
88
70
42
64
50
86
83
67
42
42
43
27
31
29
66
62
29
28
36
39
32
21
22
32
26
22
33
35
30
39
131
112
107
43
36
45
32
35
40
49
56
41
29
66
41
23
43
85
95
30
18
26
23
30
29
20
24
18
37
20
31
24
13
22
18
27
20
61
56
32
26
26
36
35
34
36
18
20
85
94
166
137
42
55
58
53
50
30
44
27
43
23
26
18
69
53
31
26
41
35
40
53
52
44
29
47
75
92
76
64
43
47
75
92
74
99
56
50
40
39
58
42
42
40
42
48
55
43
64
51
40
45
44
38
33
43
38
28
31
27
34
30
28
50
79
161
106
81
22
31
27
61
33
35
56
65
56
65
47
63
45
34
46
48
25
26
55
45
44
28
41
59
53
45
46
53
55
90
91
26
39
40
48
58
62
36
50
34
46
62
56
35
49
66
65
35
27
45
34
35
57
44
35
39
36
27
31
28
45
36
35
38
32
20
37
36
33
48
53
82
53
53
45
37
46
30
45
53
38
31
35
32
47
33
50
42
23
35
19
31
49
28
33
40
49
69
39
24
40
62
64
61
49
38
35
38
35
29
50
56
47
54
40
27
54
36
29
22
25
38
71
61
86
71
43
37
48
30
32
47
63
138
55
40
45
56
35
45
30
53
69
59
55
51
56
27
34
46
52
57
42
27
57
63
81
65
61
50
39
34
40
53
41
36
38
49
43
41
33
57
63
47
31
508
200
36
39
45
36
41
38
31
69
72
32
36
72
73
92
66
49
33
20
43
102
107
48
40
49
30
36
50
37
44
42
34
44
52
48
400
159
39
40
51
36
49
61
41
46
64
72
49
39
35
54
50
59
49
50
43
27
62
81
32
25
34
42
43
52
77
64
61
59
40
42
72
63
42
46
41
52
74
96
68
52
104
38
38
44
40
57
42
52
38
34
38
42
37
52
42
80
53
55
31
66
31
52
38
55
58
31
38
62
58
50
56
79
104
124
81
54
35
35
88
38
36
43
46
62
67
75
59
83
65
69
61
51
32
41
44
32
54
53
41
54
34
44
49
51
88
125
82
119
67
36
36
61
61
45
47
35
34
32
35
23
44
61
47
46
31
39
0
47
49
49
32
39
56
57
30
36
39
64
41
80
87
84
101
51
51
64
69
56
44
28
21
34
66
89
75
35
42
42
42
42
36
54
35
36
90
76
66
44
52
44
59
50
49
63
108
76
155
73
31
41
41
31
29
30
37
441
143
96
73
65
38
44
72
82
62
78
83
89
57
48
50
43
56
57
70
57
100
99
100
111
118
134
87
128
43
45
55
69
63
39
101
45
28
93
113
58
44
57
48
42
33
46
54
236
173
95
67
58
48
39
65
41
43
80
98
113
100
74
82
87
84
86
54
88
109
71
83
72
41
51
52
34
27
30
49
40
49
34
26
24
32
43
41
48
41
65
64
61
32
39
34
41
61
39
71
49
45
38
40
39
26
38
34
47
39
29
58
58
62
46
39
38
33
39
54
51
59
116
74
60
45
40
51
138
55
111
103
45
302
53
47
66
44
46
62
62
107
77
59
56
42
123
55
43
55
47
44
95
103
59
68
63
64
75
48
58
52
40
37
46
36
47
35
28
50
39
50
63
59
71
87
64
132
86
61
52
105
87
115
84
63
77
88
71
58
70
119
75
71
127
103
66
47
67
138
91
95
83
119
43
48
102
92
110
86
83
80
79
52
64
65
89
78
61
51
42
113
117
71
126
90
61
135
118
82
133
32
35
24
71
113
90
83
118
67
104
62
115
72
96
58
47
68
53
52
47
87
92
96
89
62
53
62
56
61
158
154
89
96
95
103
77
49
32
31
36
37
134
76
45
65
68
107
73
89
40
46
56
41
67
57
46
91
67
54
77
53
112
56
46
28
38
78
134
130
34
72
101
78
80
60
65
88
98
12
90
29
46
37
42
299
48
41
37
44
47
40
25
31
38
45
39
29
28
44
34
34
68
73
55
44
41
46
53
84
34
40
51
63
43
48
37
89
117
80
65
51
39
54
64
78
67
70
39
38
48
61
65
32
37
40
49
47
58
28
49
28
23
23
31
56
25
22
26
28
35
40
32
30
8
54
27
33
31
22
29
36
48
66
59
33
33
22
29
28
19
33
46
30
39
52
17
321
27
251
177
93
32
22
24
46
33
46
23
27
25
41
52
27
43
53
62
17
21
22
28
41
37
46
38
56
55
39
37
33
36
28
65
30
54
43
44
37
32
44
58
57
47
31
47
48
61
69
104
42
51
44
36
39
35
35
45
56
41
32
41
36
50
37
28
40
69
53
57
71
59
69
46
30
77
75
49
32
43
103
90
79
50
74
50
43
47
55
41
41
33
35
24
31
58
74
58
47
65
37
30
128
116
95
48
52
36
50
33
31
43
51
90
110
94
123
52
32
44
39
38
30
63
69
110
61
42
32
36
49
41
89
89
63
68
56
86
45
35
39
33
53
167
100
57
51
44
34
42
40
38
35
69
48
64
58
77
42
62
51
35
47
53
37
39
47
31
76
117
112
213
62
37
45
36
45
44
35
47
45
44
97
85
92
60
39
37
40
38
48
41
35
28
25
40
36
33
28
27
17
71
41
34
35
39
33
56
60
44
29
31
37
52
41
97
69
61
56
47
39
40
43
59
41
38
43
38
29
28
34
30
31
34
29
29
31
40
41
33
38
90
54
63
75
59
65
67
48
82
42
47
48
47
62
36
42
59
38
52
41
41
58
81
45
46
37
36
31
29
42
36
26
38
38
38
39
35
33
41
69
37
26
49
386
161
48
379
212
43
27
24
34
27
31
30
35
43
38
38
43
49
45
39
36
39
41
39
34
41
35
49
74
39
40
222
327
113
48
39
45
40
71
40
29
71
69
57
71
31
36
24
50
48
44
44
45
47
39
36
41
44
50
54
82
78
36
73
40
39
45
28
48
39
43
41
44
35
55
59
35
29
46
41
30
