33
34
24
72
48
21
34
35
33
33
13
40
23
27
27
11
35
25
28
27
39
59
32
34
37
32
28
31
25
20
20
36
48
28
29
33
22
11
24
30
28
34
30
36
56
27
39
39
56
264
259
59
41
19
34
40
40
51
41
50
31
34
40
21
18
4
31
29
15
19
30
18
30
26
35
40
24
16
41
30
32
29
30
45
154
51
26
25
34
36
45
39
18
13
15
32
21
31
39
56
72
61
23
96
63
63
26
122
239
128
655
263
28
23
16
29
27
34
71
67
24
18
29
31
101
58
63
35
19
70
48
55
27
36
25
22
23
35
25
25
56
45
63
36
49
127
126
48
56
34
26
26
37
27
33
29
35
124
54
112
45
92
66
57
18
36
32
29
28
47
54
42
33
31
21
23
20
107
94
112
65
305
139
268
90
132
33
36
32
23
44
82
85
38
22
28
32
30
24
34
24
17
24
29
24
34
45
37
31
19
24
30
24
27
29
45
63
42
33
42
22
23
31
52
30
26
48
48
24
33
18
20
50
37
49
69
46
96
29
24
18
21
20
18
22
16
21
29
22
14
37
27
23
25
19
26
33
20
23
17
20
28
31
19
19
18
27
24
24
29
25
25
18
22
22
28
28
27
26
64
23
56
22
17
20
20
20
24
30
39
27
27
25
26
20
26
33
21
18
19
21
26
33
38
15
14
21
15
24
19
3
37
27
26
34
43
36
23
25
39
24
21
21
13
20
38
91
43
26
22
20
30
25
25
21
20
12
20
24
20
28
31
30
18
19
17
24
21
24
25
24
24
35
29
32
36
25
30
36
24
18
22
29
21
20
16
26
23
35
22
22
22
34
36
45
52
27
19
37
23
18
17
24
13
16
24
21
15
16
23
26
17
25
27
27
31
37
31
21
28
23
15
14
22
26
23
294
497
21
33
5
22
28
31
31
24
19
17
16
30
23
22
22
22
24
30
25
28
18
31
35
23
19
21
26
71
247
36
26
33
31
31
19
28
17
22
21
60
29
62
16
17
23
24
13
23
21
20
15
15
17
21
15
18
27
21
30
25
25
20
24
33
42
25
39
33
42
31
22
15
10
19
17
32
34
35
32
27
31
23
16
18
10
19
16
30
26
17
36
21
26
24
25
56
16
24
22
15
21
21
29
21
28
29
19
27
20
18
55
21
25
34
23
24
37
37
21
31
65
21
21
29
44
489
114
97
34
24
103
26
28
24
32
16
22
30
28
25
19
171
30
23
24
17
22
24
21
12
76
23
120
44
29
33
239
255
43
70
36
27
32
26
36
32
20
17
21
34
73
19
25
27
23
23
73
5
25
21
23
19
26
22
30
27
16
23
28
27
37
22
34
16
28
17
24
27
20
19
29
22
37
31
22
66
26
26
20
25
31
23
24
30
36
26
24
30
23
32
25
17
26
38
21
22
27
40
34
40
85
42
27
23
23
24
28
34
22
27
25
28
33
29
24
45
49
43
30
43
32
34
45
30
24
20
25
28
47
33
49
38
25
31
18
29
44
28
39
23
26
17
20
22
20
216
212
25
18
20
39
76
28
28
34
22
23
15
31
23
24
21
24
27
27
26
21
14
20
22
24
37
41
27
36
45
36
35
26
24
29
23
17
23
23
19
38
38
32
34
16
12
14
15
29
35
30
27
25
30
21
24
21
23
23
34
60
40
14
18
23
21
14
18
26
24
33
34
24
19
29
16
7
18
21
21
16
22
32
35
28
25
33
30
27
29
25
66
32
30
24
32
22
30
17
22
51
50
19
23
19
29
27
21
27
20
16
19
22
20
26
27
20
26
24
24
19
20
25
20
30
24
18
18
14
19
19
26
32
28
25
34
35
39
20
19
23
22
23
25
22
28
24
22
23
25
24
20
17
18
22
29
33
21
48
39
36
30
20
20
21
18
41
32
37
28
17
10
27
11
18
34
35
15
26
21
43
36
17
22
38
49
41
48
22
32
33
19
26
25
39
34
34
33
24
34
17
29
20
16
23
28
24
20
22
51
5
19
51
24
26
17
17
16
20
15
21
26
27
20
63
20
18
15
13
15
20
16
15
24
18
22
27
22
26
16
19
19
20
27
13
17
28
14
16
18
17
25
21
22
20
36
18
13
26
10
25
26
11
12
10
17
12
13
21
17
12
24
17
53
23
13
17
14
12
22
50
25
43
23
34
26
42
23
26
27
30
13
25
25
27
30
31
16
133
489
57
36
30
26
23
38
27
24
27
37
29
29
29
27
13
21
22
19
12
22
14
18
22
19
16
26
31
11
12
12
18
27
22
22
17
14
20
22
14
21
33
18
22
19
24
16
28
19
21
19
18
25
29
23
25
24
26
42
30
22
31
23
29
27
21
26
24
26
45
64
26
32
69
24
26
24
12
10
14
14
22
23
14
9
15
21
20
13
16
14
21
17
18
63
16
23
21
19
15
18
32
34
37
35
11
29
17
21
23
27
41
19
30
26
28
20
25
15
32
15
21
35
36
40
32
36
20
53
37
21
21
37
19
21
15
17
17
15
20
16
37
13
14
26
15
20
15
13
9
16
24
23
17
16
14
12
18
13
17
17
22
23
17
19
33
13
24
22
39
24
22
21
17
29
19
25
15
28
15
16
37
16
22
36
22
12
30
56
36
36
108
31
46
154
38
240
151
148
29
18
26
26
29
40
38
43
42
22
35
20
6
18
68
22
30
60
46
37
30
32
77
47
50
48
43
209
135
151
138
24
25
20
26
106
40
37
25
17
20
19
46
38
26
17
80
82
19
22
16
40
154
250
70
84
82
23
80
70
44
34
71
29
11
17
14
24
28
65
27
43
57
33
27
9
35
214
136
29
13
33
21
21
14
20
38
14
13
19
23
16
13
11
14
16
11
9
18
18
18
14
17
16
22
150
93
46
30
25
16
132
104
67
69
13
12
68
38
16
36
32
46
66
57
66
16
47
31
35
10
18
12
13
15
18
15
24
66
107
40
26
23
23
21
23
24
27
37
32
35
23
50
175
166
117
61
37
46
33
26
222
153
139
29
25
25
17
20
17
12
22
25
27
25
20
25
21
29
26
20
14
26
41
28
18
20
25
26
20
32
25
20
19
17
19
16
10
14
19
27
19
16
24
14
28
25
16
9
21
10
19
19
19
31
38
37
33
54
39
62
38
27
29
22
14
22
28
14
59
94
44
28
24
100
199
152
45
24
27
45
40
50
27
39
174
171
3212
51
1472
2307
32
34
26
21
16
19
48
64
17
37
24
25
27
36
22
11
29
37
25
16
12
19
24
30
34
42
37
30
42
32
27
22
15
16
29
31
24
16
53
24
16
23
34
35
16
14
25
23
23
15
42
20
21
14
15
11
14
28
30
31
21
11
20
22
16
31
26
26
37
38
45
24
12
13
24
29
13
20
25
29
16
35
29
35
38
40
163
199
45
59
36
17
21
12
17
27
29
28
23
18
22
21
14
17
22
28
9
18
15
22
29
49
108
114
45
160
34
17
11
16
21
37
39
328
49
35
36
116
18
13
12
17
22
23
8
21
13
15
20
27
22
20
12
12
20
15
18
33
20
15
46
25
32
10
15
12
26
46
66
43
29
21
53
72
44
35
27
27
20
19
15
16
10
40
32
15
18
18
14
21
39
48
38
49
21
36
78
61
35
34
19
15
20
26
25
11
17
42
34
16
30
29
35
24
13
29
153
165
32
28
23
16
21
13
22
15
17
18
18
23
31
170
248
98
107
78
23
20
25
17
24
27
22
21
29
31
61
36
27
29
23
17
21
18
23
27
28
25
25
20
49
34
23
38
23
23
27
25
17
18
23
38
22
32
33
23
24
35
21
33
47
37
22
22
14
21
21
29
23
25
18
18
51
19
16
15
58
58
42
26
16
22
27
21
47
27
27
23
60
35
32
21
13
30
39
32
15
19
28
41
26
19
16
26
27
15
22
28
23
19
21
29
27
22
22
42
38
38
33
32
27
32
47
25
44
45
21
30
21
41
32
38
15
15
12
19
19
15
26
50
26
29
33
27
19
14
36
40
39
45
40
49
27
16
58
48
53
38
39
43
33
34
25
46
40
39
25
38
35
23
14
28
37
24
29
24
26
26
27
35
42
27
35
37
38
30
26
22
40
25
22
29
29
27
23
23
25
42
35
33
33
52
42
46
26
29
38
23
29
93
98
24
20
42
19
30
23
16
19
19
38
32
35
22
31
36
21
24
38
49
18
26
17
32
25
30
38
35
48
111
26
36
36
23
39
132
25
32
34
29
26
22
25
57
22
28
33
19
37
46
33
32
40
23
23
27
22
12
14
20
13
19
51
11
59
27
41
25
28
21
15
47
27
20
46
69
43
23
27
35
27
15
18
19
21
49
30
45
57
50
34
45
30
21
19
38
25
33
46
21
25
46
52
46
63
34
36
44
53
31
36
37
36
27
29
29
27
24
23
28
27
34
37
37
34
20
26
41
30
28
22
19
25
24
20
13
23
47
29
33
25
26
21
29
42
33
22
24
32
38
23
26
28
37
18
18
22
24
25
22
33
35
54
38
40
36
40
49
56
50
26
26
14
47
33
29
49
36
15
39
55
44
59
28
31
36
32
29
35
27
151
54
92
24
34
42
20
26
26
44
121
81
35
36
26
19
24
51
44
55
79
57
32
24
22
27
40
26
35
39
56
54
70
31
48
20
69
115
39
34
40
26
35
30
27
36
62
74
84
25
31
28
14
30
22
23
44
62
42
36
47
32
31
47
26
53
49
85
69
74
58
62
49
80
73
43
51
78
50
84
71
34
33
48
40
16
12
38
35
28
26
20
21
19
26
35
29
31
38
28
22
23
31
16
32
19
38
31
27
38
28
32
35
27
31
30
23
24
20
23
34
31
25
20
15
16
32
35
25
58
43
59
40
44
32
32
31
37
26
28
54
24
77
36
47
37
70
88
85
61
65
113
32
21
29
25
27
146
93
119
276
140
153
119
43
31
177
138
94
29
31
19
44
37
13
30
24
30
40
38
37
77
181
128
42
36
21
30
100
78
50
27
33
59
84
162
100
124
61
115
37
97
54
32
45
89
86
48
134
43
57
41
54
84
58
34
49
53
58
52
34
45
33
60
70
55
92
76
210
157
65
58
33
33
33
178
54
24
119
98
39
56
451
177
170
96
123
66
39
75
106
76
28
28
30
98
104
104
41
44
56
31
140
105
60
18
27
59
100
96
19
24
26
43
25
136
97
167
544
990
325
88
39
33
40
28
47
321
162
121
88
32
31
104
34
60
31
6
142
80
59
27
47
29
62
93
36
139
40
38
105
37
22
21
33
25
12
41
28
29
20
23
21
28
14
31
29
31
21
23
19
25
19
27
40
33
35
29
39
25
35
37
13
13
45
24
28
33
28
49
42
64
28
39
89
347
73
73
34
46
21
16
21
16
11
26
33
49
28
30
23
24
25
17
10
15
21
14
24
22
24
35
18
39
40
30
29
26
14
23
20
29
20
28
29
29
43
24
15
18
18
37
33
36
35
30
20
34
30
36
33
49
37
22
21
27
37
28
27
19
21
28
28
41
34
38
132
40
28
16
26
27
29
31
30
21
36
23
24
17
19
19
20
26
36
22
21
15
22
20
28
24
32
36
52
71
32
22
29
27
25
49
23
20
22
28
23
35
31
35
24
33
17
27
29
31
46
30
19
60
206
404
167
28
16
16
23
25
39
38
38
45
27
22
21
49
25
28
20
16
15
24
32
113
27
39
38
29
165
210
158
41
43
25
32
27
17
29
28
22
34
31
37
37
22
23
28
31
29
25
26
49
34
34
24
32
39
33
23
78
274
62
35
21
30
22
28
46
296
62
71
46
27
21
28
24
21
27
21
24
181
167
191
67
29
38
20
25
29
34
31
36
34
38
39
26
20
30
30
31
33
26
16
20
29
22
29
25
16
20
23
23
35
25
23
23
24
27
20
21
22
26
36
25
26
28
22
18
21
22
27
30
21
29
17
19
28
16
16
18
31
20
34
23
26
21
23
29
16
14
49
178
148
117
17
17
22
18
23
18
22
28
42
35
20
43
24
27
25
37
43
39
48
18
31
29
34
46
33
13
23
31
25
28
27
80
71
23
22
14
15
15
19
27
27
24
26
26
18
20
21
20
20
25
16
16
22
13
452
45
311
288
355
152
111
12
27
25
20
15
28
19
29
22
29
16
17
20
19
46
242
134
62
20
24
20
21
54
75
24
30
44
24
39
37
32
16
36
39
29
22
13
17
27
26
27
31
30
28
32
22
28
21
28
32
27
19
18
24
25
21
20
14
20
17
12
20
18
16
19
125
23
16
20
22
