34
38
31
44
52
19
27
40
35
33
34
44
32
28
26
22
24
29
31
36
255
33
28
24
39
49
51
20
17
30
27
34
31
38
26
30
31
34
20
35
56
48
49
53
55
68
96
36
73
53
73
69
54
44
63
29
47
56
41
45
47
53
54
32
17
22
37
30
16
27
19
28
24
34
43
27
20
23
42
33
30
31
33
59
78
59
48
31
31
30
40
41
32
18
21
23
29
20
17
30
42
46
44
29
76
57
50
40
36
109
87
92
73
61
31
28
23
93
61
131
40
23
24
39
54
53
48
32
30
53
55
49
34
28
26
30
33
30
34
248
54
53
58
63
52
81
98
48
43
60
30
29
40
37
60
59
32
76
70
56
60
66
87
43
78
100
47
70
62
72
86
56
55
31
35
40
109
102
85
80
31
23
34
67
42
34
33
26
32
25
263
33
55
31
25
35
31
34
33
23
25
31
19
23
25
42
48
43
25
28
60
29
82
51
74
93
72
52
51
47
40
75
22
62
28
32
48
29
35
36
55
238
27
28
51
53
53
73
43
43
27
32
33
25
23
21
33
35
24
69
22
43
37
42
55
63
68
29
42
23
29
51
46
25
56
28
27
32
18
23
29
23
24
25
35
28
22
41
33
249
22
32
40
26
21
20
25
24
28
23
18
31
34
25
24
17
28
29
43
32
63
68
100
12
18
16
25
26
42
51
48
39
26
48
34
26
26
40
24
31
29
49
26
49
41
89
103
36
37
34
39
68
38
53
39
24
37
28
30
30
42
30
21
17
14
29
30
32
30
23
36
37
41
41
31
28
31
35
21
27
33
37
22
17
19
22
33
40
29
21
29
29
56
255
32
31
21
38
33
22
32
30
29
31
20
19
20
22
22
56
25
30
57
54
49
51
71
73
35
25
32
52
50
37
53
108
84
34
32
22
39
28
32
35
22
24
21
30
28
34
25
27
43
29
32
23
28
35
36
26
21
25
31
19
30
23
31
36
36
32
24
22
20
29
243
38
64
55
37
32
34
32
20
27
29
26
17
25
24
18
19
25
24
35
49
51
38
43
69
96
40
47
55
59
101
69
27
19
34
51
29
22
52
35
38
18
26
20
24
38
25
74
24
33
27
23
23
24
29
240
18
31
27
32
28
50
46
36
33
27
29
23
19
34
26
29
41
37
44
33
29
28
82
100
27
37
64
41
64
117
79
72
26
29
51
30
29
34
24
36
24
34
36
21
43
1612
361
37
44
22
27
23
38
285
302
31
787
465
115
265
56
57
216
286
88
78
30
29
33
34
29
11
46
239
133
47
30
67
86
49
28
39
62
49
24
50
47
51
43
43
28
31
33
34
43
39
34
29
27
38
27
58
15
50
26
36
40
31
248
26
23
23
37
33
34
24
16
33
33
36
16
24
32
25
34
38
38
50
54
15
42
61
124
51
30
43
51
67
15
81
25
27
33
40
37
39
19
11
32
33
29
32
32
36
19
46
44
27
16
37
33
41
49
35
26
32
26
12
36
47
39
28
27
19
25
28
37
217
23
21
27
19
28
265
34
29
22
24
34
33
21
35
26
26
35
27
27
30
32
26
27
24
22
75
26
50
41
68
115
42
29
39
66
60
57
20
51
38
33
49
51
47
28
24
17
22
50
49
28
27
42
18
13
32
30
15
36
31
37
25
29
28
14
18
22
21
30
29
21
37
33
9
16
16
10
21
19
32
27
11
22
14
29
32
32
41
21
17
15
53
240
29
14
24
57
16
30
14
26
38
25
13
14
33
35
28
27
22
31
55
47
14
20
66
78
54
39
53
53
49
45
23
30
37
23
22
15
16
26
31
15
28
32
26
42
17
29
21
17
22
32
36
50
20
29
29
37
16
17
17
18
23
23
23
44
16
22
49
40
46
23
17
28
34
36
26
24
18
4
18
28
14
18
18
23
22
15
30
28
32
20
15
24
41
24
17
31
22
30
25
6
21
28
28
20
25
23
25
22
16
22
13
12
28
19
18
20
30
37
25
241
27
33
21
18
19
29
25
24
25
24
28
108
22
30
33
18
18
24
26
40
45
31
59
88
36
26
31
49
43
40
49
26
30
30
25
23
22
38
19
26
34
72
38
29
23
20
19
19
13
10
14
15
15
21
25
26
26
24
31
345
103
200
27
103
21
25
26
28
42
33
29
30
33
28
32
26
25
37
34
26
32
30
50
20
35
26
33
80
77
43
35
31
36
39
31
19
25
36
33
36
25
26
20
26
18
23
23
24
19
16
13
17
20
21
25
20
23
18
22
29
22
26
20
15
19
19
21
28
27
20
23
18
21
28
16
20
21
23
22
31
27
27
25
20
27
22
27
27
24
19
38
35
24
21
31
33
43
43
37
24
47
36
15
26
25
17
18
18
23
26
20
14
18
22
26
17
28
15
19
19
20
17
32
17
19
31
19
22
18
24
32
37
27
26
18
15
25
45
29
30
46
28
22
30
33
12
33
24
29
27
36
34
26
22
29
29
29
58
70
17
21
16
29
18
18
25
25
99
17
15
20
21
14
21
15
12
67
61
19
19
21
13
16
26
17
20
21
16
33
62
38
50
26
21
23
45
32
19
24
20
40
19
22
21
28
27
19
20
23
30
50
27
31
26
38
23
66
53
63
41
17
22
16
115
50
24
21
20
39
37
28
28
21
55
39
23
20
15
16
14
20
18
25
82
42
29
30
66
59
43
36
44
42
36
38
42
49
35
24
21
16
32
38
28
25
15
16
16
24
11
15
23
46
47
21
19
13
15
18
21
30
32
29
26
53
98
76
25
35
35
16
17
62
21
18
65
33
44
35
28
19
18
14
28
20
20
31
34
29
18
19
27
15
18
17
25
22
17
22
18
17
14
15
19
19
18
18
15
29
23
27
105
88
26
35
35
20
66
84
23
80
20
11
34
35
20
31
54
95
22
92
97
19
20
25
57
33
17
16
16
19
17
19
40
35
30
10
56
23
23
29
23
28
22
30
57
42
39
27
50
27
29
22
48
51
41
33
37
46
31
30
28
22
24
22
16
25
22
27
31
26
27
24
39
32
36
33
26
36
40
35
21
24
30
27
23
35
52
21
31
19
22
21
17
19
24
37
28
18
38
40
26
16
14
23
18
13
20
24
17
31
29
31
26
36
33
85
36
32
35
23
22
22
27
20
23
25
33
34
23
18
19
39
30
19
17
27
19
42
65
30
95
24
39
37
57
24
26
35
20
17
24
26
38
31
25
21
21
38
28
19
31
32
26
21
21
18
22
23
22
31
33
20
25
31
31
32
26
83
28
27
29
28
28
22
25
20
38
49
49
14
20
35
23
20
34
28
25
19
11
17
17
17
37
38
33
26
18
19
19
17
24
22
39
35
33
31
10
17
17
38
23
31
37
32
20
25
48
64
54
40
50
72
122
121
53
26
18
31
27
24
29
12
20
25
23
31
32
18
19
22
13
21
22
22
25
27
45
91
92
38
49
124
90
16
25
45
33
16
46
38
19
27
24
30
22
18
16
10
20
23
16
15
11
24
16
17
16
22
16
15
21
19
24
24
27
22
21
16
16
12
18
11
22
40
29
77
42
30
51
57
41
28
30
19
26
22
15
39
33
36
22
20
16
17
28
41
32
36
23
18
66
49
27
35
29
19
22
23
32
17
20
27
35
31
17
33
23
16
22
39
39
113
101
74
30
31
31
19
27
22
19
15
20
24
27
25
112
92
101
38
28
23
22
32
26
20
23
23
23
27
93
36
28
32
18
23
21
27
21
28
23
17
36
30
71
23
29
40
25
16
36
23
21
25
28
33
26
18
27
22
30
42
43
25
40
39
27
32
42
19
25
24
43
36
22
17
18
27
20
23
17
19
50
23
19
23
23
39
21
43
61
38
33
31
34
17
27
35
34
21
35
34
29
65
25
33
30
24
20
40
27
25
28
23
36
24
20
34
30
45
61
54
24
27
27
28
38
47
31
25
35
18
39
26
27
18
16
19
23
26
27
40
44
31
24
25
27
19
30
83
42
19
29
26
32
24
53
55
39
32
36
42
42
40
34
37
28
29
42
35
24
17
22
79
24
25
25
27
28
29
27
46
32
31
43
40
34
28
26
38
28
31
36
29
31
31
28
49
49
35
33
27
38
49
36
33
24
35
154
37
33
39
31
26
35
29
25
24
23
35
35
28
27
31
36
35
24
30
42
36
27
27
38
28
30
28
34
45
30
45
33
28
22
105
34
17
24
34
25
32
31
35
56
27
30
22
53
36
26
52
32
30
36
19
20
11
21
27
23
29
19
41
38
29
47
33
31
20
27
128
29
31
33
34
25
30
29
44
104
22
31
28
48
53
31
27
19
39
38
36
25
20
33
44
38
34
23
29
51
53
30
52
34
33
40
36
21
26
32
34
32
27
31
28
31
31
32
34
47
43
33
34
23
33
44
32
32
33
20
24
28
24
24
36
45
37
38
28
29
29
30
37
39
18
39
65
38
28
29
29
35
22
23
26
27
37
30
30
39
50
38
29
19
13
42
46
74
29
34
27
22
36
38
25
30
26
64
52
42
34
43
35
34
31
23
25
21
41
106
32
25
29
34
23
16
26
60
114
161
52
31
29
36
29
49
49
74
62
20
32
23
33
47
28
30
40
73
65
44
41
39
37
73
91
37
37
41
47
39
27
26
33
31
84
65
57
35
33
33
29
39
35
50
78
52
46
31
28
40
44
23
26
50
69
71
72
47
151
57
68
48
42
65
48
65
35
32
38
37
30
18
31
29
23
30
26
31
24
25
40
39
26
36
32
27
20
32
34
28
30
30
38
31
48
34
34
34
33
36
37
33
24
30
29
25
31
29
28
22
26
33
41
38
63
75
50
34
103
37
43
52
89
71
57
27
34
38
36
20
46
53
82
50
33
45
35
32
32
38
36
37
37
99
78
36
61
55
36
42
45
24
32
35
25
24
19
25
17
31
42
33
35
43
46
62
62
70
53
56
44
93
81
85
56
64
61
72
55
53
87
99
78
66
67
42
46
60
157
68
81
50
38
44
56
75
88
64
50
76
32
33
53
53
48
59
51
20
82
151
65
91
160
139
101
42
32
35
46
35
19
46
111
110
69
105
45
114
69
62
103
70
58
41
79
59
34
41
92
56
89
62
42
43
49
43
90
127
74
23
37
108
75
56
52
32
38
37
40
107
80
39
44
93
64
63
29
54
33
25
120
33
94
65
42
64
72
79
40
37
59
89
62
26
33
25
93
63
71
36
77
42
58
85
33
36
29
25
27
36
40
35
25
25
35
36
25
17
25
30
27
25
49
22
23
44
31
36
33
26
26
81
47
26
27
36
39
31
34
41
63
45
46
76
30
45
49
57
43
35
21
32
23
24
30
25
42
45
38
39
41
22
144
533
18
16
440
27
23
25
28
39
45
42
44
34
28
17
18
21
31
27
23
30
32
41
37
35
18
22
21
41
37
37
45
34
24
257
28
64
272
72
25
22
22
43
37
28
27
25
24
25
28
31
33
31
29
24
22
28
36
31
35
35
30
38
32
20
28
23
18
61
27
30
37
24
25
26
38
35
50
25
26
44
32
31
28
31
38
29
39
23
21
30
27
29
28
33
31
28
34
32
27
23
38
55
33
37
51
30
35
23
26
22
23
23
35
46
40
40
41
42
47
22
35
36
27
31
33
23
24
25
34
35
46
40
51
27
28
44
42
36
37
30
30
29
30
20
29
20
25
41
40
45
31
38
27
27
31
39
59
83
64
31
28
35
43
33
26
49
80
44
30
43
46
30
26
30
85
81
67
47
34
32
30
25
27
30
46
32
53
41
41
31
44
40
25
40
49
37
32
35
59
67
45
30
43
36
30
29
30
34
31
30
39
26
24
29
25
23
33
41
28
27
26
28
26
26
26
39
23
30
30
28
33
26
19
31
32
24
24
36
32
24
21
27
33
18
67
30
31
46
33
31
35
30
42
33
27
37
27
28
25
25
27
27
29
25
23
30
26
21
25
25
64
33
58
38
56
39
52
29
34
30
47
37
36
24
30
31
28
31
33
35
57
53
25
24
24
26
25
28
32
32
29
28
28
33
27
20
18
22
25
23
17
102
363
144
235
234
77
34
16
24
22
24
19
26
33
37
29
29
29
26
27
34
25
26
26
27
30
27
34
32
32
35
127
91
34
26
27
31
46
42
20
30
42
37
48
17
22
25
33
34
35
29
28
37
31
32
32
38
37
31
31
28
28
59
26
25
26
30
13
28
26
29
32
127
81
20
20
27
