73
86
107
157
74
86
82
89
63
94
102
96
89
72
73
40
61
110
114
72
82
89
107
97
93
106
73
60
78
79
74
96
89
57
67
69
72
61
67
77
70
104
62
79
101
73
56
62
99
88
170
128
72
90
63
69
96
112
107
104
178
82
152
94
72
57
84
81
83
58
71
57
98
77
84
70
91
84
91
67
76
73
67
71
125
145
88
117
87
85
66
93
81
67
48
59
59
73
52
69
79
69
93
128
82
118
88
145
206
98
117
85
97
80
69
80
153
62
129
125
142
125
92
153
59
63
109
79
75
80
61
66
49
115
125
89
82
51
71
85
60
102
66
131
86
266
122
117
126
226
139
102
83
126
84
106
83
106
86
77
77
159
133
509
170
106
133
97
101
74
53
68
139
121
93
96
41
102
73
66
87
88
56
54
71
59
64
166
122
102
126
102
75
82
86
83
192
206
101
115
103
102
64
70
103
218
59
58
73
74
88
114
91
86
86
72
75
79
68
67
139
143
206
89
109
167
79
91
182
151
76
257
72
78
111
85
66
87
64
119
149
142
138
107
74
65
70
73
93
83
57
71
78
113
53
61
55
137
108
79
50
54
72
72
67
61
59
59
62
60
63
53
66
45
45
116
78
62
62
91
75
87
91
136
88
68
99
63
91
93
69
66
49
53
474
76
73
79
117
104
63
49
84
115
72
55
72
47
49
58
109
56
59
271
66
68
77
46
99
89
76
152
98
68
78
64
86
68
87
59
55
75
119
152
85
46
82
124
114
122
90
55
57
84
85
90
81
88
87
90
75
51
52
49
56
92
73
57
55
120
89
94
82
78
85
85
98
99
73
75
69
59
64
50
66
79
67
67
78
130
107
103
85
74
92
89
70
134
61
53
80
73
66
65
73
52
52
48
63
64
69
92
75
93
77
238
126
63
44
53
49
39
105
63
65
34
156
106
67
54
49
63
64
102
97
52
97
60
72
77
70
61
64
85
73
123
72
63
77
105
78
54
77
57
69
63
69
76
73
94
118
98
94
106
80
81
108
82
79
115
93
74
80
60
53
105
108
75
50
93
61
59
62
96
80
110
81
71
79
86
73
63
61
63
86
157
216
126
77
55
57
74
48
48
77
68
77
61
64
47
62
40
72
65
63
67
54
54
79
83
55
82
68
75
51
86
136
108
76
85
88
68
57
117
186
80
73
69
57
69
59
171
82
247
76
69
94
58
77
99
51
52
56
73
64
95
81
77
69
59
67
66
64
85
55
87
103
85
92
92
57
47
34
191
100
72
42
48
57
78
63
38
87
117
84
47
88
96
85
116
95
96
138
92
74
87
82
67
49
72
81
99
101
50
56
55
71
50
91
107
62
58
85
115
123
84
103
65
86
70
82
91
86
173
66
94
88
118
114
97
63
97
69
100
135
69
55
66
76
60
93
78
64
89
66
119
108
107
93
83
92
90
69
61
83
189
82
73
56
83
92
68
80
164
87
69
74
68
59
80
84
80
74
79
112
132
59
75
69
77
76
83
97
100
81
68
71
110
192
73
91
138
114
193
116
111
108
54
70
99
133
67
66
99
68
93
70
57
60
55
56
66
81
58
120
66
62
69
70
77
83
59
80
96
83
75
71
74
76
88
93
60
78
72
81
127
113
68
94
70
73
99
65
60
84
65
73
92
92
77
81
79
109
97
84
63
49
57
74
248
155
133
60
107
113
71
68
67
56
81
97
78
75
77
47
63
53
53
76
77
71
97
95
50
51
39
38
66
57
59
78
57
59
80
111
66
100
63
80
71
70
56
110
100
64
68
68
88
66
75
64
74
53
54
74
78
67
73
64
66
68
59
50
77
72
48
52
56
67
74
88
67
80
49
83
82
107
58
88
62
38
57
75
74
77
69
119
134
85
84
67
66
50
74
77
67
73
65
63
94
80
59
80
78
56
70
94
84
121
103
219
80
196
87
104
56
59
104
56
68
57
65
67
74
67
58
64
61
215
111
63
47
118
76
60
52
71
213
178
70
188
79
74
56
73
52
110
73
96
155
131
103
92
104
92
110
48
46
62
63
65
55
60
70
67
51
53
74
73
60
66
73
63
51
64
73
59
73
105
61
68
55
37
50
68
84
44
52
54
60
48
72
61
86
41
60
44
69
48
48
73
73
48
57
79
88
96
73
109
140
89
78
60
63
70
63
66
40
53
46
58
49
56
75
73
108
138
53
77
85
55
52
60
97
100
96
84
77
100
167
73
79
100
98
70
122
110
84
94
83
288
106
90
77
190
85
113
93
101
87
86
130
107
74
115
74
107
97
103
100
37
38
52
55
62
72
84
73
57
46
70
47
46
63
58
50
54
83
68
64
70
74
44
46
76
81
134
125
69
85
95
47
50
37
58
67
56
73
65
88
73
95
94
113
133
71
66
84
133
74
61
67
85
91
111
140
110
90
91
71
121
220
173
77
75
51
61
68
70
88
60
51
42
46
78
63
45
53
35
61
48
113
66
49
91
58
50
163
283
70
47
111
123
69
61
74
57
62
92
141
100
73
94
63
58
109
98
72
64
64
109
115
102
95
95
90
76
150
77
69
96
71
71
98
57
58
44
50
89
84
140
78
55
62
46
53
52
46
52
89
154
125
48
77
54
43
69
77
68
60
46
35
104
65
72
62
59
70
142
129
72
59
65
108
90
67
65
48
53
63
43
202
66
65
78
120
115
297
144
69
197
126
508
83
77
49
188
201
175
180
102
76
123
71
134
127
223
151
233
80
42
65
58
28
38
108
71
78
119
104
86
145
487
154
111
86
97
110
135
69
89
85
66
50
54
49
100
173
76
72
63
33
53
55
78
54
48
94
146
159
46
66
69
45
49
68
62
109
84
93
134
87
108
123
98
75
44
114
276
148
102
118
138
222
136
80
92
38
60
264
165
98
41
180
96
77
56
71
61
55
46
52
58
57
66
59
48
44
43
56
34
54
59
57
43
59
54
107
84
106
127
103
96
48
90
129
94
61
65
46
90
156
126
125
114
144
136
86
68
56
73
59
68
66
165
44
74
53
56
45
45
73
126
105
46
37
68
56
79
98
120
69
65
102
94
159
68
86
123
93
59
74
116
194
102
73
149
81
74
64
47
58
60
58
67
48
74
103
96
103
77
158
55
58
67
73
56
90
80
100
58
61
70
93
72
77
81
68
45
52
61
38
32
48
60
112
125
70
37
86
191
77
53
48
41
44
38
58
61
53
79
178
84
177
108
183
95
313
78
83
101
62
56
55
50
58
90
131
65
63
78
49
88
139
80
40
57
142
100
188
136
151
53
94
119
136
138
94
52
74
61
127
54
68
75
104
73
89
55
93
93
83
77
70
55
73
62
59
42
40
58
67
60
104
63
40
55
102
64
56
53
62
62
58
74
70
84
44
51
52
57
116
46
40
53
44
39
77
137
94
84
64
130
56
36
51
147
184
102
126
43
64
48
68
99
147
149
128
112
96
518
121
48
61
129
107
74
88
93
45
81
128
75
87
71
80
88
284
213
160
138
76
40
43
46
92
81
49
45
51
82
99
58
44
39
57
51
67
78
62
64
444
117
235
96
61
85
71
58
86
139
92
65
48
101
80
50
53
88
75
40
49
42
59
69
64
51
79
61
67
65
60
64
64
58
44
60
85
77
66
99
93
68
92
54
49
54
42
95
362
110
92
102
82
128
186
137
68
69
60
84
47
45
54
131
97
67
79
86
77
56
104
112
57
82
70
118
182
153
98
122
54
50
65
80
70
58
118
133
82
78
91
65
76
56
50
106
86
95
61
84
96
82
62
54
61
55
90
77
46
47
50
62
112
67
102
83
80
51
56
72
55
54
55
272
95
95
61
120
172
56
72
67
86
74
58
81
71
70
57
75
149
135
94
73
74
109
148
105
67
57
69
56
145
78
66
202
92
68
106
53
76
221
119
93
67
50
45
75
85
85
104
75
67
162
69
59
53
49
232
82
77
59
57
91
70
52
97
65
55
126
162
76
68
102
57
146
85
81
64
62
104
80
74
73
105
96
70
49
53
112
67
77
63
109
98
85
51
869
63
58
70
68
50
78
98
42
89
100
112
107
80
37
64
79
72
68
41
73
80
77
68
77
75
55
126
90
52
59
56
206
113
84
83
98
103
77
62
175
205
121
179
128
114
102
79
73
147
157
94
66
180
242
188
173
101
143
83
119
82
89
531
101
95
119
80
295
82
400
110
237
105
130
134
88
79
99
109
96
78
117
212
378
168
63
87
145
475
136
81
99
61
226
87
67
73
112
52
76
68
60
97
76
79
57
122
108
77
61
77
89
104
81
78
158
117
165
69
135
75
188
119
83
101
171
91
158
98
93
86
334
290
135
53
64
76
80
79
88
214
115
74
80
64
184
310
166
103
338
128
89
70
64
40
58
92
53
71
76
133
96
110
73
83
97
68
62
158
62
60
59
78
102
64
82
69
100
69
68
60
60
69
132
78
172
279
156
104
77
116
78
66
91
68
187
74
71
66
93
101
79
79
114
131
90
90
69
70
69
72
79
96
61
123
68
118
93
131
103
138
95
93
130
96
108
219
119
83
74
72
73
72
81
68
72
101
96
85
101
68
49
70
82
86
59
66
602
15765
47
85
72
89
86
69
76
67
59
145
77
82
147
92
124
52
48
45
134
179
93
44
75
119
64
39
56
133
93
68
116
309
281
87
78
89
97
126
88
62
62
68
129
187
76
44
59
69
131
58
62
76
126
114
116
178
71
55
103
187
84
118
163
98
86
77
81
71
137
78
139
73
196
300
127
49
85
155
98
280
71
132
97
85
111
83
107
104
143
202
297
154
141
131
136
234
1507
2517
6956
4031
4889
5119
652
122
88
68
90
57
59
150
361
95
176
206
141
149
316
811
88
660
240
167
192
163
95
80
103
64
56
53
87
119
65
97
73
74
56
127
70
70
166
98
84
56
52
88
79
55
71
106
113
84
84
100
67
139
110
85
136
95
77
57
169
115
135
85
62
67
63
63
96
86
82
165
140
125
110
111
113
104
134
163
112
173
131
172
91
105
117
99
95
150
279
264
150
136
121
106
101
110
140
97
115
1165
279
188
96
139
91
226
164
144
81
123
87
148
86
107
68
106
130
123
193
180
189
164
202
196
344
484
114
118
115
249
240
171
152
242
241
225
133
113
506
310
134
303
117
136
103
169
208
254
260
117
204
138
83
133
259
174
83
78
164
155
121
161
103
157
105
154
107
59
191
242
181
560
441
95
129
90
84
120
63
52
48
133
523
241
160
159
159
274
178
166
122
108
155
77
353
165
60
75
135
170
130
162
132
134
86
98
121
494
379
60
76
130
168
171
99
67
54
59
72
121
607
71
92
99
143
204
136
97
89
91
80
138
363
132
126
160
135
214
109
200
139
81
101
123
473
61
121
70
100
89
206
145
248
226
228
318
176
46
74
66
82
69
104
640
286
59
72
71
97
67
46
46
84
93
96
60
99
77
65
241
170
253
123
123
238
162
93
76
66
159
324
115
108
117
245
94
189
113
139
73
117
270
134
245
93
66
48
75
69
80
85
86
93
106
102
76
55
70
68
71
47
67
83
88
58
71
63
90
91
70
77
59
59
44
95
49
42
96
81
93
112
89
97
77
74
57
55
45
110
103
159
184
87
46
905
620
77
312
1078
85
73
74
97
97
82
78
76
60
88
82
82
117
86
96
40
61
33
74
73
116
76
118
112
119
87
78
70
76
62
39
60
97
59
104
56
45
61
84
117
64
70
100
82
107
63
137
84
87
65
55
61
65
84
177
124
75
72
75
73
86
68
64
104
100
68
88
43
130
172
72
69
227
124
62
77
79
74
83
98
100
135
76
74
87
104
58
80
79
64
59
82
105
459
98
93
110
61
80
93
137
87
117
99
65
102
59
48
67
70
81
94
110
106
94
63
64
68
79
70
75
98
115
119
97
69
68
82
116
153
67
79
121
78
118
112
86
78
75
216
274
105
115
94
85
88
93
80
87
67
153
84
115
98
134
88
108
114
69
100
93
76
94
102
103
111
100
88
66
89
112
89
71
104
72
70
91
86
65
72
53
89
67
97
96
106
81
82
114
69
61
61
50
61
91
62
64
64
70
67
66
68
69
111
129
116
77
54
57
88
119
54
60
58
126
128
80
104
606
485
115
63
55
94
83
61
58
64
83
103
98
203
64
687
429
84
75
68
87
81
145
106
132
143
126
177
219
70
548
477
89
101
83
90
133
85
94
97
98
155
207
214
89
363
510
76
56
54
72
66
88
62
58
59
126
79
198
86
305
649
69
231
298
71
226
330
111
82
111
91
104
217
81
252
743
97
75
61
88
103
62
73
83
103
101
78
201
82
604
555
102
91
509
276
94
73
92
64
106
170
91
171
102
170
698
398
133
94
82
114
156
125
73
71
116
108
156
175
110
575
477
119
78
65
98
121
88
124
93
106
102
156
204
138
463
784
114
85
79
123
108
149
