85
67
68
117
54
51
61
67
38
52
43
56
55
67
34
38
30
64
55
73
131
46
57
62
54
73
81
43
45
42
35
89
64
39
39
61
48
46
43
42
57
79
70
74
95
78
53
72
86
89
533
235
59
63
59
73
83
87
74
99
99
66
68
43
62
34
48
52
72
38
32
34
68
68
68
54
51
40
47
72
58
71
63
52
75
270
115
75
62
48
54
71
88
47
29
32
53
40
76
42
33
61
92
88
59
188
82
61
63
318
72
31
151
253
157
42
38
51
51
55
91
77
52
66
48
46
64
96
60
74
50
43
55
91
52
53
43
30
53
44
53
61
40
150
54
99
98
74
83
159
104
70
195
94
81
58
46
89
93
57
91
139
66
62
94
93
186
81
74
65
61
64
79
98
71
83
71
55
64
34
42
47
42
40
39
32
486
111
182
95
63
86
49
55
36
160
90
81
71
34
42
47
48
42
48
79
61
41
53
99
100
68
75
58
32
24
58
46
27
34
102
98
139
114
40
64
56
62
49
70
41
62
87
72
128
48
145
35
60
78
108
113
59
99
53
83
49
49
39
24
17
38
52
72
37
59
25
25
55
79
43
44
47
62
53
30
28
31
52
35
40
61
40
23
33
34
47
47
47
27
36
84
27
60
55
161
48
40
34
111
39
29
32
28
30
42
45
39
47
55
56
35
32
67
39
35
35
43
37
30
73
29
33
33
30
45
32
40
58
41
61
47
60
91
35
46
68
70
42
53
37
30
45
75
109
57
52
66
45
62
50
47
44
53
40
38
40
62
44
46
58
48
33
22
23
30
50
58
30
49
73
63
60
56
67
56
48
42
43
56
59
46
43
28
44
34
46
58
44
50
52
81
64
144
39
44
39
62
38
23
44
44
34
40
37
27
22
38
34
54
29
41
46
45
62
160
75
54
52
42
31
60
40
53
55
36
788
457
33
34
68
51
39
57
55
55
38
31
45
50
60
55
43
58
53
74
56
48
42
50
45
58
45
68
33
262
312
49
52
43
64
63
57
94
82
66
151
63
143
50
106
70
67
54
49
47
61
74
48
48
31
26
30
58
49
56
52
41
60
40
44
47
83
44
66
65
72
88
66
63
35
33
28
28
36
55
41
40
44
31
19
32
36
40
33
43
50
22
35
57
35
27
47
38
163
33
57
45
56
47
64
67
68
60
50
47
61
21
34
58
54
104
70
175
65
57
71
51
43
71
37
71
54
41
99
898
179
63
54
49
45
49
34
54
34
40
50
48
45
43
37
40
46
96
79
59
55
25
37
28
135
41
33
62
66
50
45
47
63
69
83
107
87
80
55
80
94
63
47
82
126
91
93
65
46
65
60
43
38
55
46
45
39
63
50
91
98
44
49
45
63
61
52
50
62
37
28
34
40
46
76
31
65
61
68
70
82
153
44
50
44
51
49
65
72
59
67
84
82
56
50
51
58
32
36
53
40
93
68
48
39
66
70
118
141
66
49
43
37
43
44
81
45
53
54
60
75
67
45
75
45
43
61
32
77
86
51
49
59
36
40
56
64
152
84
52
28
70
35
45
61
67
49
37
46
69
50
57
44
78
33
30
30
33
121
68
49
27
40
47
62
50
71
29
62
38
54
59
33
50
50
48
37
36
60
55
94
89
45
70
49
63
46
49
39
65
54
52
65
55
44
74
61
67
56
52
48
67
63
92
83
99
62
52
52
49
38
33
39
45
48
77
79
55
43
51
33
33
34
53
48
66
83
62
37
34
27
27
27
40
35
42
30
34
78
81
72
59
45
52
43
30
125
36
75
39
51
70
50
31
38
51
37
38
49
45
41
43
54
40
23
36
24
35
34
20
36
40
61
41
36
54
50
34
39
46
33
58
47
32
17
23
15
34
47
69
30
48
84
50
52
44
48
37
33
44
44
49
52
43
42
26
46
49
44
35
36
37
47
66
47
113
134
136
85
78
44
55
45
31
54
56
48
41
45
41
38
39
27
66
64
30
38
101
65
45
39
33
101
99
44
84
62
83
44
63
35
53
49
89
67
69
61
36
87
41
54
58
31
32
33
51
33
44
46
42
131
24
48
39
32
26
21
40
30
47
58
40
82
29
45
75
30
19
24
28
47
20
47
35
47
48
52
36
38
39
36
29
38
33
33
40
38
47
23
35
34
45
54
115
51
39
26
18
23
30
35
13
22
18
16
17
32
29
28
60
45
68
313
74
48
68
42
42
34
44
62
53
32
50
43
71
118
48
53
38
71
57
48
65
51
100
126
97
91
71
832
273
110
57
75
65
77
87
58
72
78
49
48
51
49
21
37
25
19
22
38
28
31
53
17
24
37
18
39
29
25
28
39
43
42
41
30
27
28
31
27
43
74
61
47
52
43
35
40
31
53
34
30
34
40
56
48
57
63
73
56
40
40
56
34
55
68
37
50
52
68
85
145
39
62
197
75
80
67
48
33
27
29
53
49
51
24
31
27
51
23
20
30
23
32
25
114
71
33
64
30
34
76
65
53
69
66
68
44
58
33
22
40
94
91
44
67
66
54
54
67
42
49
38
44
71
45
56
109
82
47
31
52
63
43
47
30
46
40
52
27
36
44
59
51
43
31
47
31
20
28
32
27
95
62
54
37
44
22
27
23
53
29
23
37
35
32
36
49
46
36
28
74
98
98
49
47
49
77
36
56
57
47
32
30
33
70
86
84
40
26
34
94
46
81
109
121
129
76
41
384
50
501
112
192
49
55
55
46
39
85
111
84
72
31
28
30
22
18
156
41
40
92
63
59
59
185
184
98
68
72
82
93
554
58
116
39
40
51
41
61
147
67
53
28
25
18
64
61
58
37
89
102
56
29
28
47
27
60
188
126
106
93
74
98
71
69
39
123
37
28
24
80
76
36
87
56
97
95
87
54
35
68
107
50
50
30
32
49
75
38
31
29
38
33
30
33
60
28
37
22
27
33
23
23
28
36
40
23
24
18
59
45
413
152
57
95
35
48
277
131
56
108
21
28
100
65
60
77
146
100
94
71
75
37
32
42
33
56
77
43
20
23
29
44
51
81
170
67
71
118
39
51
53
85
68
52
70
113
100
82
60
425
70
128
39
104
119
93
106
120
145
71
47
31
49
46
64
35
39
45
51
47
52
43
50
74
42
73
59
52
53
48
67
70
45
58
53
56
64
73
59
35
32
32
24
30
16
27
26
56
31
50
57
62
63
30
17
21
31
13
29
31
32
46
73
63
86
74
139
94
83
46
54
56
57
38
71
46
77
91
71
49
36
30
28
377
60
61
46
36
60
67
59
55
57
77
66
63
51
82
43
45
38
30
21
34
53
40
52
56
47
41
50
50
56
45
52
62
43
51
32
23
20
29
35
53
57
54
31
37
73
49
47
54
37
55
35
50
49
41
39
42
60
45
69
47
21
29
28
43
29
63
56
72
45
37
36
23
25
62
37
90
63
30
28
35
27
59
64
89
79
86
77
53
25
28
27
55
57
69
55
68
48
50
82
100
77
70
84
524
185
93
87
116
69
48
28
33
66
48
34
36
34
42
44
42
33
31
31
24
41
42
43
69
145
98
322
74
55
336
38
32
48
47
80
88
33
96
59
50
37
180
49
31
24
22
26
20
42
33
16
26
57
37
27
29
39
42
27
32
42
44
45
98
41
18
31
27
28
25
18
35
216
198
162
131
55
165
141
107
71
60
44
40
81
39
82
35
80
70
69
44
51
62
28
103
71
60
56
56
97
162
85
71
62
53
36
31
44
32
38
49
74
55
27
38
31
84
54
64
56
95
424
105
49
43
46
37
39
31
37
24
38
25
34
50
46
283
279
74
54
37
31
48
33
39
39
37
79
80
52
105
91
95
61
85
42
43
51
48
40
54
46
48
48
68
47
49
82
64
59
60
63
38
45
46
55
76
58
57
59
57
85
77
89
64
120
69
79
60
46
34
42
61
91
51
49
35
43
36
28
25
48
43
51
52
44
20
33
35
27
36
105
53
58
81
64
51
38
44
89
90
33
18
45
47
33
40
67
59
47
48
38
38
55
40
46
43
66
76
65
61
69
65
94
91
81
30
48
83
43
41
56
70
65
49
44
49
68
36
43
38
28
49
52
57
102
54
70
69
36
47
70
99
207
241
138
69
49
55
86
57
94
126
100
62
56
80
82
75
68
99
112
70
76
118
116
88
78
61
96
63
65
44
51
109
63
56
97
68
119
65
100
81
105
63
119
78
46
48
61
55
80
68
76
95
164
116
74
57
81
162
151
80
62
54
84
41
46
49
67
64
57
45
62
50
31
51
41
54
69
67
34
58
44
66
52
52
65
84
67
41
70
48
70
59
73
70
200
56
58
49
49
62
162
144
113
39
35
64
63
47
76
75
98
79
50
59
57
42
41
81
63
94
76
48
39
16
23
41
41
45
65
32
79
69
60
54
56
49
41
64
68
50
60
64
56
42
41
67
48
47
17
26
32
46
70
70
55
70
55
86
90
68
68
57
56
55
45
45
57
63
70
72
57
77
85
68
68
50
44
51
64
82
52
65
46
64
52
67
73
65
71
73
96
64
60
51
103
86
82
50
48
50
50
61
47
44
80
75
60
53
68
36
43
56
49
48
34
42
75
67
54
65
46
67
45
37
44
52
61
69
75
73
85
85
65
74
85
47
189
66
62
56
93
86
88
59
58
231
49
61
118
214
103
55
61
71
58
62
68
62
53
286
235
79
41
67
38
25
45
82
91
165
98
109
95
64
53
81
112
167
99
197
167
91
54
54
53
72
76
111
124
125
111
139
113
78
65
101
319
143
81
94
108
90
52
52
61
44
64
350
162
94
62
67
67
53
66
46
87
100
138
107
117
58
60
44
43
53
57
78
163
201
112
120
178
86
163
127
186
78
150
124
229
107
43
56
63
47
40
39
58
59
40
50
40
62
68
37
50
62
72
57
62
40
54
50
52
41
36
80
85
83
98
64
115
81
46
68
60
73
46
39
48
69
77
52
54
56
56
87
87
84
150
131
97
115
100
79
88
79
77
118
122
232
109
67
66
74
73
32
152
241
82
109
156
107
47
54
45
54
60
51
510
269
162
390
161
137
114
140
128
344
52
50
93
77
79
29
34
49
32
53
113
134
107
157
116
361
218
99
97
111
150
232
205
88
116
118
181
153
108
357
287
134
147
297
93
111
89
203
243
192
275
253
321
153
128
150
118
163
112
113
113
130
107
99
93
199
150
114
105
236
212
153
346
269
95
72
81
91
213
105
60
31
37
251
217
140
185
363
324
136
163
192
107
39
50
85
101
114
73
54
129
136
94
87
64
101
80
68
117
84
87
48
49
97
89
63
45
46
56
39
60
111
138
227
1178
976
65
84
47
71
56
41
61
273
53
160
110
98
83
55
83
100
49
40
59
68
52
46
56
35
102
60
60
65
36
49
120
64
32
41
34
29
45
76
119
81
46
35
44
50
50
47
47
40
39
44
43
44
36
36
54
94
81
90
139
134
126
75
76
44
55
69
143
118
87
174
96
231
85
102
50
279
174
218
167
146
74
57
42
55
39
54
62
81
62
74
73
53
41
49
32
56
48
63
44
70
30
47
58
66
98
111
53
51
46
39
27
28
65
55
46
46
49
77
77
53
52
46
39
63
137
154
107
120
165
121
87
55
125
112
121
54
38
67
79
86
72
54
38
29
71
93
73
84
64
211
75
61
48
60
21
45
55
34
67
80
50
44
52
29
79
41
49
46
55
52
39
53
77
73
74
59
79
74
89
115
72
78
60
70
61
49
38
54
65
70
62
73
60
50
48
53
55
63
57
83
106
86
116
81
115
487
200
151
77
66
40
50
138
117
173
72
99
66
57
83
67
37
44
76
50
50
72
88
91
107
83
58
42
164
210
210
80
72
60
51
52
50
39
47
50
53
59
60
75
87
73
29
49
55
71
75
126
64
59
50
40
75
51
58
54
84
437
105
79
67
57
36
47
65
468
130
129
259
112
68
61
40
40
44
47
49
64
387
159
47
82
76
76
69
99
70
74
77
74
55
91
41
47
63
60
66
81
61
46
78
66
70
52
58
32
53
40
64
60
94
73
47
57
76
33
39
41
29
37
274
45
47
30
30
42
43
36
73
49
61
73
45
45
55
88
52
124
46
40
60
70
77
83
82
94
47
38
45
120
244
139
59
60
37
49
52
51
45
39
48
54
40
40
90
153
83
80
83
63
91
85
86
59
68
79
66
60
109
75
60
49
75
79
77
241
95
36
26
33
48
41
71
36
41
43
36
52
37
48
25
52
60
46
27
35
52
72
70
69
79
29
446
65
140
33
40
35
41
46
68
57
76
57
53
46
22
46
41
47
57
308
50
39
63
73
63
53
394
226
109
67
59
58
82
60
32
34
86
50
72
53
37
41
52
45
64
63
47
52
41
58
47
62
57
63
54
72
37
56
48
40
40
26
58
40
25
36
46
59
93
315
57
29
24
49
51
39
