133
96
104
153
329
265
100
143
92
99
86
86
105
110
237
275
157
89
80
136
116
93
79
185
258
289
179
111
60
72
72
92
171
320
95
135
68
66
115
90
91
76
111
92
93
147
169
107
122
174
151
197
203
164
85
102
105
183
192
139
225
210
356
208
137
74
75
78
646
644
614
636
60
95
117
165
135
87
71
67
80
105
97
47
60
112
284
155
97
72
71
64
109
152
88
85
73
146
155
120
55
1035
581
114
185
95
177
117
102
199
420
284
683
1044
1071
1275
569
101
103
107
111
121
146
160
191
112
105
178
273
269
207
105
94
145
161
118
135
113
99
128
108
58
115
173
106
156
205
366
212
192
271
175
183
109
168
109
159
141
316
203
114
242
355
108
306
303
323
380
214
126
125
92
174
194
312
300
137
100
187
273
197
492
299
423
377
77
164
282
240
359
162
232
211
104
111
78
133
364
271
192
129
134
199
102
137
161
107
95
89
97
91
194
170
129
247
99
98
83
477
463
60
324
365
438
156
172
101
112
96
190
316
154
148
96
140
224
109
59
75
171
380
299
144
160
222
183
235
131
81
82
83
77
64
93
517
511
157
116
153
133
155
79
69
84
164
167
188
177
83
155
49
80
139
72
39
53
120
145
152
257
88
104
160
76
76
73
77
85
74
87
136
70
53
70
63
217
264
186
154
359
216
208
85
106
283
155
103
78
53
77
82
63
47
57
177
205
84
79
78
148
103
158
280
221
254
196
194
213
161
91
134
79
86
132
313
383
83
57
99
94
170
170
150
90
104
93
82
66
108
92
111
95
86
60
54
75
74
287
293
212
145
146
163
168
134
77
103
85
98
93
116
585
92
77
77
67
128
609
130
80
61
84
138
354
215
129
109
102
366
223
115
47
83
196
178
71
69
56
45
64
85
140
86
76
76
72
125
133
114
58
77
52
65
132
118
101
90
55
341
359
85
96
144
119
201
143
118
127
116
79
90
101
145
86
66
118
98
123
87
61
150
166
216
70
77
192
167
46
55
75
90
151
287
157
134
114
112
171
162
79
343
147
149
106
92
110
98
140
249
224
91
75
74
65
99
110
93
79
48
105
95
68
72
127
142
238
212
324
307
278
166
79
74
85
70
138
77
82
88
96
118
89
76
78
120
172
180
180
255
56
96
77
67
199
88
107
61
116
104
150
139
120
95
87
94
117
107
101
75
50
54
74
95
82
174
146
114
176
100
148
67
139
100
237
151
73
183
499
522
164
94
109
187
76
101
94
83
83
117
134
116
92
77
872
178
91
102
99
82
91
108
140
213
92
391
457
220
138
140
681
889
218
151
218
192
121
106
92
86
58
62
56
805
128
133
107
85
80
93
104
86
94
80
93
115
90
183
230
94
100
106
94
113
111
82
286
236
141
157
166
88
62
74
98
124
121
134
125
78
79
103
85
81
130
101
152
101
137
123
133
129
128
73
86
102
83
141
314
223
148
101
215
98
170
232
229
190
203
78
87
90
114
230
194
103
165
295
183
174
175
460
323
214
80
67
141
268
153
126
133
61
67
458
353
484
598
373
272
175
97
76
90
183
173
75
59
77
97
110
126
860
522
88
68
58
73
77
239
82
83
74
72
281
801
86
114
114
386
467
133
103
86
71
59
66
96
117
168
162
92
100
80
58
130
254
92
178
118
158
103
120
138
116
126
182
195
130
100
95
92
149
239
706
242
184
115
109
125
108
643
173
160
253
112
252
171
41
51
45
48
123
141
171
162
152
111
79
62
50
46
47
62
71
155
81
107
104
116
97
85
143
180
63
67
125
141
165
81
104
132
117
108
107
234
183
77
78
82
89
80
76
122
80
103
89
86
193
58
95
93
86
67
69
61
65
55
72
148
165
188
148
131
57
38
45
52
87
125
403
429
448
70
58
69
60
66
85
100
98
114
106
96
102
99
73
86
76
53
77
79
67
147
81
126
256
152
159
88
111
168
73
165
116
163
79
59
67
87
64
80
200
161
175
66
78
252
153
97
196
208
116
106
108
90
127
61
71
154
111
124
127
143
211
209
194
125
100
101
116
136
143
80
144
141
87
79
101
85
48
100
107
86
116
76
63
71
87
83
104
106
142
150
179
187
159
57
96
73
60
74
86
61
55
65
84
76
40
66
81
69
72
75
79
82
121
176
59
78
85
96
124
113
68
88
102
43
42
57
53
33
37
39
40
45
68
76
77
60
52
393
1337
748
1117
380
314
71
72
63
81
116
106
255
235
126
102
160
108
64
133
114
119
95
88
133
167
164
155
135
381
345
254
170
135
97
179
141
128
176
286
108
116
142
88
108
44
57
46
88
68
66
40
81
39
42
53
83
99
71
85
86
68
83
57
57
58
51
57
62
168
186
177
84
76
69
57
54
72
58
136
112
60
78
86
106
177
202
185
204
222
86
192
79
359
271
124
113
78
70
86
142
135
88
138
301
312
314
198
106
71
105
53
87
90
66
46
56
83
86
72
47
48
55
68
72
112
113
104
202
107
74
156
130
86
161
172
169
101
158
113
42
55
129
114
71
63
108
88
92
114
128
67
71
71
142
153
109
281
241
189
87
74
112
103
159
111
106
154
114
60
64
90
120
156
181
68
61
50
39
50
77
44
118
86
83
65
57
42
44
39
127
94
82
101
66
37
98
63
76
77
100
84
187
68
67
66
98
175
100
107
69
137
128
53
102
169
158
74
76
58
177
199
95
95
186
100
143
206
46
42
117
209
224
114
84
90
160
82
84
90
210
273
112
195
60
79
74
47
122
144
169
232
143
215
123
244
341
294
187
189
179
228
207
145
161
206
143
123
90
98
68
72
66
92
293
60
59
64
37
55
71
212
99
52
75
92
43
51
56
122
196
188
92
165
192
129
121
194
193
53
55
88
133
125
148
186
173
235
157
69
82
75
56
65
51
98
64
178
158
150
96
63
67
76
62
72
99
61
45
91
60
44
48
91
99
50
90
80
82
54
60
72
149
402
140
107
98
59
70
394
116
335
43
55
95
185
146
77
94
166
114
113
538
174
104
112
311
224
74
53
56
61
61
73
79
115
184
58
50
278
64
82
91
137
126
105
151
135
211
126
131
141
196
117
71
240
419
282
210
177
120
93
187
58
49
81
45
57
47
78
114
169
309
125
95
101
103
84
94
77
77
111
118
92
93
172
122
96
97
84
97
74
98
72
54
71
49
56
59
59
82
54
76
153
114
127
67
76
105
161
42
76
60
60
216
243
69
134
182
115
184
123
125
105
104
111
115
101
87
69
77
107
78
50
130
257
190
262
187
129
211
202
161
315
115
248
291
252
138
164
127
219
225
126
97
82
103
100
236
118
139
97
89
66
114
114
118
142
106
184
151
85
47
46
93
76
119
103
150
209
66
125
107
284
164
99
78
93
97
120
105
87
104
75
103
119
71
87
99
102
85
114
110
188
119
129
87
85
49
68
134
114
145
142
56
70
59
46
144
292
116
82
95
164
57
97
67
88
132
87
137
143
73
49
158
259
193
85
258
162
528
574
246
277
236
141
179
47
62
170
43
62
56
72
203
149
147
39
97
81
79
127
137
92
129
333
652
651
165
134
388
76
45
118
214
292
148
71
247
158
78
79
173
67
67
55
47
55
87
118
82
106
66
71
88
54
44
55
42
42
86
87
122
96
144
119
54
91
53
110
121
46
70
437
306
542
224
103
342
358
167
126
101
129
116
154
105
104
94
114
63
66
75
73
48
146
96
127
126
146
302
304
202
250
163
169
216
53
71
195
66
60
121
207
87
67
170
60
79
116
90
178
154
532
317
72
94
106
114
61
88
81
60
90
55
108
107
55
430
659
253
163
139
56
57
60
242
77
56
275
357
181
211
554
670
501
97
107
127
59
46
84
255
89
104
202
233
234
95
74
169
130
155
153
71
68
76
78
259
178
158
221
74
65
297
273
106
296
164
101
60
268
166
175
158
164
151
69
136
120
98
80
85
93
75
65
122
76
62
52
56
70
242
355
318
119
112
124
113
51
116
174
289
109
92
86
150
129
112
131
140
123
104
46
195
102
73
112
69
157
176
62
107
146
190
210
175
152
61
96
109
70
145
117
130
89
216
54
69
79
60
57
51
53
180
104
92
101
346
84
60
60
49
60
76
215
317
216
199
123
137
106
103
193
439
204
154
134
119
163
152
203
138
147
154
81
208
226
194
99
110
199
202
130
129
144
201
235
247
268
265
195
197
907
220
328
211
394
353
537
144
133
110
139
100
117
154
341
340
239
166
340
363
386
829
190
79
309
1007
455
96
127
123
129
98
61
175
117
129
94
198
264
95
136
149
65
166
80
91
150
114
559
64
65
110
106
112
145
86
256
138
701
591
149
147
359
539
643
134
65
105
78
69
116
332
359
214
185
197
241
284
450
108
83
74
74
233
67
63
70
120
90
92
74
74
180
163
153
110
100
141
124
138
137
150
103
98
112
125
368
176
107
126
93
97
70
109
117
271
141
110
93
132
113
175
150
113
104
456
456
531
58
124
418
378
167
349
122
393
202
194
86
114
120
80
108
392
399
131
93
362
233
472
349
443
226
138
447
349
630
361
257
254
123
6718
6286
123
132
89
124
145
94
156
164
104
72
109
156
115
238
215
203
89
86
91
133
96
137
160
276
292
522
201
121
96
81
684
886
257
256
125
73
213
164
203
468
632
169
412
726
643
510
168
314
230
154
152
109
129
112
461
416
1717
66
146
65
437
428
499
1028
5168
452
567
2745
369
268
782
755
347
568
544
748
346
188
136
123
162
99
570
589
595
572
563
172
133
194
284
926
671
208
256
255
295
155
771
154
323
296
818
666
270
78
143
251
620
455
125
656
727
319
37646
37518
249
518
83
244
162
183
1070
323
362
319
282
304
321
416
205
435
485
346
312
497
364
76
122
68
46
50
222
190
198
163
114
117
119
201
157
171
228
287
230
153
128
97
123
103
113
209
246
179
124
175
152
141
111
190
210
190
80
51
100
179
271
183
152
113
99
142
178
197
447
443
557
291
123
126
557
121
237
749
765
261
279
183
166
247
281
66
143
296
437
332
213
204
194
292
120
164
134
201
183
454
355
107
391
454
423
592
372
271
82
99
106
114
78
106
52
58
177
156
203
274
386
219
416
226
442
352
338
229
481
538
541
385
325
354
246
427
210
324
523
396
330
480
268
284
161
233
539
512
325
318
336
346
212
370
605
851
851
392
371
475
365
252
136
315
509
408
233
193
350
369
373
642
560
131
214
201
101
418
189
126
139
325
501
588
848
677
206
557
385
251
473
300
173
210
333
181
133
147
523
402
319
415
322
261
288
285
186
3013
591
269
148
664
710
451
217
58
87
72
103
212
488
419
198
178
644
510
536
121
294
348
259
302
211
207
579
120
221
317
354
704
331
230
293
322
396
86
262
73
221
270
197
210
147
280
468
780
107
96
66
100
101
164
206
187
144
193
95
154
445
62
51
106
176
116
73
93
107
126
163
393
1740
336
196
328
341
551
323
114
104
237
291
212
256
194
286
274
204
193
113
119
279
2975
18530
1959
5295
396
478
469
332
468
441
398
542
662
441
534
388
330
327
328
278
357
569
367
165
358
287
538
446
405
439
383
430
387
642
1375
1617
1712
145
172
243
189
186
109
57
91
110
143
290
42851
45584
9084
0
2200
3000
1705
16908
8293
10922
15678
9174
3596
5869
7187
106
164
174
170
186
250
170
362
239
190
127
132
82
171
170
234
157
175
189
76
75
96
77
270
80
232
148
206
164
101
150
291
211
91
157
324
185
169
187
148
166
121
115
157
133
134
207
170
256
82
16410
16406
97
103
82
38
166
289
265
418
85
204
219
125
53
328
274
235
193
88
302
172
156
173
221
224
125
197
190
132
129
66
86
121
182
293
232
181
166
101
72
111
182
182
151
170
119
185
133
277
120
75
124
127
209
146
175
103
79
217
219
157
150
280
496
406
192
194
122
125
103
176
161
171
204
109
291
195
115
113
106
163
1231
1328
317
125
102
98
72
82
182
92
208
237
102
239
282
263
243
226
267
79
143
94
121
154
342
210
310
653
88
123
240
265
216
201
88
224
218
109
128
87
107
76
149
72
4645
72861
11486
36735
20029
2346
13032
13622
4568
110
103
155
88
2353
77
97
109
125
129
194
197
168
82
87
87
87
296
80
357
482
239
334
2215
958
126
92
63
81
77
77
69
122
130
79
135
111
48
104
303
67
106
60
264
219
336
253
115
299
166
244
110
152
174
432
266
944
559
115
646
867
131
64
76
99
252
112
94
82
304
99
60
139
148
104
74
60
70
73
76
83
98
135
80
275
133
4652
3079
373
2085
1744
451
117
94
2114
60
188
160
170
390
146
131
226
213
92
92
86
127
121
66
68
112
72
100
351
140
98
1547
2525
1810
160
154
471
407
740
327
213
347
394
291
1078
569
108
83
181
345
212
94
79
86
96
149
128
192
196
477
325
101
165
167
158
54
64
99
128
158
126
109
90
65
836
281
82
113
2211
169
