157
219
142
226
114
139
172
189
150
149
149
154
154
139
162
190
126
193
84
105
126
152
196
154
180
304
136
83
152
109
115
238
212
145
150
168
162
175
141
102
199
137
137
180
341
138
154
180
209
171
215
210
141
148
161
137
255
189
225
172
225
165
522
459
156
98
125
273
122
75
175
115
187
151
176
115
124
119
136
83
110
139
133
105
229
346
271
165
138
137
116
148
168
208
90
138
141
121
100
149
536
133
152
168
128
291
281
211
639
186
100
1169
291
261
289
215
209
101
231
183
178
225
133
145
90
155
196
283
202
169
151
148
123
375
268
163
208
108
121
139
70
148
147
228
183
190
283
208
213
504
325
186
151
247
146
175
186
190
187
187
163
341
169
284
217
190
368
195
135
117
102
135
242
271
202
290
113
165
158
133
299
199
171
175
159
184
129
212
150
233
146
114
107
153
116
114
211
124
72
136
119
50
118
125
102
130
123
147
132
120
186
174
153
206
143
139
362
189
124
155
303
333
132
146
174
172
87
86
158
130
384
162
85
261
177
77
139
122
109
215
202
142
220
131
360
126
126
86
144
116
107
122
147
154
108
112
139
217
166
166
117
73
52
139
116
96
114
136
110
191
79
127
98
70
249
162
161
96
88
241
144
117
134
128
140
133
124
139
166
105
139
118
104
131
226
132
145
122
169
188
127
132
117
111
140
137
126
105
107
97
122
137
440
123
146
139
152
102
221
155
158
216
73
68
84
166
134
123
128
124
120
160
194
208
146
85
159
126
145
116
136
98
114
132
131
91
160
143
138
162
120
114
94
130
121
148
135
98
103
193
168
166
133
109
176
146
143
109
121
283
106
98
95
114
147
290
133
117
141
107
163
161
129
83
97
101
104
147
71
0
0
0
0
0
0
0
0
0
0
0
0
0
0
0
0
0
0
0
327
544
531
492
6020
14541
16984
19893
13976
8661
4992
7124
4278
2869
8059
7740
5807
10651
5736
13287
12914
9945
8810
13823
13728
3015
90
190
119
87
168
234
101
137
128
95
52
110
151
147
121
187
127
183
180
181
137
167
118
183
166
230
96
107
96
116
120
240
196
95
81
140
123
170
234
168
159
143
112
182
137
125
84
148
108
177
172
168
206
177
158
108
121
101
144
137
138
111
140
133
131
117
100
100
115
155
93
62
126
118
190
108
123
170
206
97
128
143
156
133
146
128
157
125
111
218
124
132
106
101
147
119
136
188
272
171
157
137
129
145
135
145
107
175
141
222
433
51
2877
2013
5954
2150
961
1800
2118
379
126
190
176
181
131
104
121
126
64
146
1741
6224
2917
4675
107
55
61
94
156
158
130
121
102
160
486
151
71
114
147
159
120
142
65
1460
2071
4299
3656
3164
2447
4541
4634
4277
2951
3442
3178
3057
9
13
9
13
18
15
10
18
17
16
18
26
19
22
21
9
7
16
17
30
13
17
15
22
16
13
17
11
10
24
16
16
12
17
20
13
14
16
16
17
18
18
21
23
17
17
15
19
14
26
27
53
55
20
17
13
33
15
20
17
17
24
20
13
18
32
12
30
20
11
26
15
17
10
18
19
18
18
14
12
30
44
21
14
17
23
24
14
13
29
15
15
22
15
13
20
18
12
17
17
14
17
28
19
24
27
21
11
22
500
19
15
23
37
18
17
39
19
17
14
127
21
22
25
23
294
123
32
40
38
35
37
25
14
11
8
121
48
8
7
36
371
7376
7990
1060
227
23
27
30
33
30
41
47
39
36
30
35
34
41
41
31
78
63
32
351
492
453
463
303
282
366
350
336
363
2442
14512
19990
21976
7631
5769
5086
4783
2832
4842
5915
2983
4651
122
118
123
145
83
135
129
142
136
81
124
290
139
131
143
165
141
124
97
64
101
132
112
240
207
140
689
2651
2162
108
142
114
140
86
107
127
103
110
110
104
50
90
161
147
136
113
382
206
158
362
139
181
412
293
734
314
473
175
269
737
1040
577
170
179
93
74
338
555
402
143
474
507
260
71
94
81
104
106
46
12
3362
5397
668
50
37
74
59
72
78
141
101
90
178
111
147
154
83
207
167
101
168
229
135
93
125
103
98
95
185
160
173
127
165
746
1118
1801
1901
82
132
125
102
98
116
122
120
87
148
158
89
1178
268
85
96
113
110
119
248
144
96
235
65
94
87
126
88
94
130
141
113
112
81
114
86
88
70
53
86
111
83
96
101
94
140
136
94
75
102
104
132
108
80
106
78
106
98
76
87
59
60
89
73
92
140
131
144
84
556
972
419
75
173
153
110
140
95
173
180
185
224
402
131
49
336
190
150
149
164
162
162
129
304
202
154
149
200
545
270
140
197
459
168
224
172
100
97
173
113
109
70
105
88
70
100
95
140
123
104
103
87
96
103
72
145
130
75
49
115
89
132
104
156
101
75
78
85
101
185
151
150
185
111
71
91
114
134
91
75
53
113
49
144
104
91
64
155
119
90
156
116
154
161
211
99
145
241
125
76
106
76
87
111
133
161
121
109
50
80
56
107
81
67
70
91
118
490
6043
62
68
83
82
121
152
136
116
146
54
150
143
117
136
165
125
121
112
140
78
107
115
268
165
67
133
136
104
158
195
151
86
148
87
251
206
145
294
133
83
182
120
130
130
159
133
129
140
100
85
102
126
182
321
125
131
129
69
93
84
86
88
55
140
77
64
63
75
77
63
84
132
142
161
60
177
125
59
83
80
114
131
265
108
130
119
127
120
123
104
99
123
70
69
112
370
133
111
111
97
219
111
37
133
359
114
156
134
89
201
167
204
173
91
253
112
138
144
118
52
69
212
111
90
103
98
98
94
150
90
104
127
146
91
181
354
508
117
195
126
155
168
95
134
129
100
100
144
157
116
176
148
124
104
72
96
137
125
98
75
99
191
125
96
88
73
52
65
81
201
143
151
153
319
136
109
68
131
90
84
82
363
285
112
164
112
223
220
122
134
104
110
96
100
87
88
101
122
53
99
108
99
76
99
86
86
105
125
131
92
96
77
73
89
113
99
120
90
73
99
167
167
425
472
197
132
109
99
130
529
115
258
99
89
151
156
109
104
141
102
179
286
218
100
98
95
170
88
123
116
92
110
91
91
109
160
273
73
40
122
119
131
165
154
100
140
293
237
160
129
132
205
157
173
105
387
318
280
127
220
171
113
83
265
1026
2303
92
108
77
99
129
80
118
111
116
128
115
114
99
115
216
218
192
89
150
182
149
139
124
230
69
86
96
125
113
274
157
165
333
228
244
297
356
267
157
88
103
86
54
62
87
106
97
116
426
125
191
172
106
140
151
102
141
97
70
118
100
129
113
90
101
113
103
66
112
149
194
114
72
92
149
110
231
138
117
167
180
130
166
100
108
90
150
108
105
102
153
182
155
120
35
44
94
157
156
128
176
86
155
75
80
109
100
96
117
121
124
83
77
99
152
135
89
88
126
111
95
129
127
172
96
119
104
100
186
97
61
102
156
90
102
134
170
93
104
188
96
89
109
224
210
216
142
67
120
91
123
193
176
175
199
76
88
89
55
77
105
138
151
97
172
137
87
106
141
144
200
108
181
151
658
390
292
215
153
84
100
68
223
179
107
105
127
172
203
125
112
58
103
102
87
191
172
83
309
1224
363
188
126
423
187
94
181
43
31
379
220
687
6232
1428
785
314
76
2591
1256
925
541
571
570
629
2211
2207
750
78
133
86
119
348
590
602
145
1118
488
483
210
192
188
697
331
204
72
123
854
464
324
210
159
213
281
158
128
126
147
101
130
75
79
95
192
170
139
170
123
91
141
222
174
115
236
189
349
325
114
84
116
88
110
92
154
86
95
278
160
119
104
172
148
109
133
128
158
133
574
247
132
1794
116
106
75
92
143
181
105
109
114
153
122
519
641
281
97
149
88
136
118
161
147
101
314
159
204
142
571
493
124
158
131
113
114
115
202
130
397
85
125
239
211
157
124
132
153
155
190
117
118
117
189
150
130
134
420
175
110
229
119
117
568
189
129
53
40
82
93
90
121
105
64
91
69
90
62
66
66
87
67
91
57
61
74
75
73
121
127
194
216
162
112
108
134
101
79
217
122
119
69
71
145
143
125
136
133
173
104
163
109
185
124
101
183
221
168
92
197
192
179
140
154
115
123
168
103
126
201
233
202
266
90
105
120
131
94
93
158
147
163
130
146
150
140
126
134
122
95
124
475
163
118
128
148
210
107
89
239
378
207
53
207
230
198
118
150
162
254
287
117
329
356
282
202
212
174
108
183
172
157
399
190
331
169
162
444
183
214
230
430
132
785
484
125
130
159
194
124
150
155
575
726
216
114
152
331
529
218
212
140
123
159
229
125
153
208
193
113
96
123
135
42
127
116
191
211
183
429
403
157
176
109
138
277
155
183
96
123
149
123
154
109
127
265
146
252
155
186
117
213
262
532
102
159
182
149
216
179
439
265
201
149
122
244
311
224
1285
87
106
26
66
56
308
271
142
332
644
453
268
308
268
233
402
649
399
103
301
156
123
162
176
141
126
115
222
154
1841
433
122
150
261
291
220
218
158
161
213
285
368
143
137
178
183
152
327
202
154
231
189
124
184
193
222
262
163
113
157
136
121
137
146
125
305
151
182
141
172
161
239
134
159
138
85
165
276
133
215
128
105
147
171
134
101
129
210
161
153
183
117
104
165
193
246
130
134
1655
3064
645
6554
260
98
85
83
86
71
94
307
137
202
174
203
116
68
67
165
267
335
165
182
122
212
159
140
219
269
170
99
300
384
279
91
148
127
106
170
236
146
130
127
667
301
97
118
150
94
150
189
126
263
621
274
154
186
145
140
250
758
302
435
774
272
101
135
146
198
204
248
410
241
804
722
157
208
140
1068
246
823
190
333
344
245
126
137
156
130
113
610
333
141
142
125
146
685
1780
1634
2156
2466
3322
2328
265
166
123
127
83
128
237
712
972
159
326
730
165
178
1117
275
239
570
223
220
355
246
108
133
186
98
122
200
262
207
237
113
84
138
128
113
149
272
309
350
166
105
123
110
166
109
135
251
167
138
198
140
141
201
153
161
85
144
120
143
143
284
190
174
124
87
163
204
145
166
253
300
148
193
155
330
179
299
437
660
329
276
169
160
195
211
246
165
394
370
445
269
222
209
276
155
201
243
226
278
278
698
304
203
228
191
202
228
370
179
175
236
199
191
149
134
108
232
201
263
216
282
208
299
243
339
493
432
178
229
345
407
409
196
204
495
301
304
253
726
821
702
178
323
395
238
162
232
538
594
475
781
390
272
162
366
715
600
283
154
524
158
208
247
171
422
417
169
142
138
429
461
368
815
345
159
297
133
209
161
125
109
87
405
968
483
311
171
286
227
259
196
184
447
183
118
311
175
175
236
341
134
240
214
208
163
174
231
454
1203
703
84
135
379
224
200
155
104
141
119
170
860
692
172
121
182
242
282
130
131
120
153
273
322
177
272
255
155
158
187
311
162
222
162
256
439
239
129
88
125
217
276
197
117
393
338
776
254
89
96
227
154
145
157
311
164
170
118
156
184
120
111
120
149
154
146
143
153
124
117
412
309
173
232
180
207
253
265
158
137
129
365
206
158
161
339
226
221
127
104
159
174
321
213
407
209
144
136
149
120
132
178
112
188
319
250
209
179
108
132
171
83
84
141
140
102
94
102
163
181
167
191
111
99
79
106
118
96
270
128
141
160
122
194
142
110
107
90
98
171
222
200
416
131
146
277
238
188
348
195
95
91
114
179
188
217
178
169
152
126
200
205
247
121
129
237
129
130
184
155
92
131
134
178
174
150
127
185
178
103
177
88
130
117
225
80
93
156
120
216
121
88
169
145
136
126
268
126
148
134
94
115
132
174
360
188
191
114
149
131
113
110
110
171
226
193
377
283
272
227
124
112
243
320
97
134
157
164
574
155
168
135
177
129
229
192
132
170
144
158
100
154
169
425
220
195
196
148
226
144
162
135
190
182
173
141
96
94
116
145
151
151
157
123
141
119
208
129
120
113
100
82
133
148
128
87
125
282
145
167
132
132
132
146
178
120
144
165
140
354
1091
125
137
165
141
137
178
144
125
148
145
102
160
134
118
131
144
171
93
173
142
105
133
147
134
202
177
222
283
169
198
137
153
182
108
146
110
152
159
143
114
48
69
144
135
168
144
132
164
117
99
141
108
142
113
142
118
116
103
157
146
128
127
149
120
158
113
88
121
189
165
97
159
113
209
198
153
150
102
169
173
102
120
151
91
113
122
151
115
117
126
86
84
123
134
145
245
130
158
140
649
155
102
124
162
228
136
116
172
222
168
155
112
159
165
130
154
176
161
311
439
88
109
95
103
145
133
129
126
141
150
114
117
144
117
114
143
120
115
146
112
707
221
169
486
351
149
126
181
116
105
120
128
195
164
128
158
105
152
175
99
112
156
47
100
124
110
119
156
209
214
137
557
390
142
131
199
177
188
223
93
107
291
280
145
151
85
124
214
198
184
172
123
175
184
174
130
159
249
148
160
155
180
150
191
193
133
172
147
165
146
221
161
211
192
302
220
161
185
308
128
134
