1298
158
151
204
113
130
139
152
121
138
143
136
140
138
125
93
110
136
122
175
88
142
185
177
148
225
144
81
92
108
84
162
1289
125
129
136
130
150
105
113
109
194
135
144
159
156
96
119
168
202
200
222
160
147
145
139
119
173
139
137
168
209
179
172
120
72
105
195
123
102
121
105
109
99
185
141
118
112
127
133
114
135
124
128
132
297
242
177
159
114
101
124
137
141
113
97
124
111
110
112
196
131
171
192
146
161
184
173
300
168
154
215
164
159
296
288
217
125
196
191
202
198
171
189
111
128
165
136
173
173
135
100
85
199
178
177
142
97
121
139
119
152
147
205
158
187
255
113
113
140
160
254
123
173
124
128
120
400
138
108
238
132
154
584
144
128
151
157
124
124
85
133
193
228
145
148
106
160
145
113
195
214
199
139
126
119
171
201
167
160
171
143
101
122
134
120
166
233
108
124
160
118
110
140
137
109
113
105
146
101
242
157
141
113
133
118
120
237
203
104
202
241
212
114
180
145
107
116
136
1696
162
129
92
133
152
88
127
119
116
236
211
160
216
193
219
164
143
98
109
86
99
97
142
166
130
109
103
189
188
176
89
96
99
129
121
104
94
124
109
99
104
90
89
63
76
153
162
129
116
130
140
128
158
136
137
156
124
148
118
162
163
128
100
90
377
119
110
118
160
155
100
119
98
104
126
1582
131
93
121
83
80
89
125
478
105
93
99
107
112
134
108
267
201
161
109
122
148
135
116
145
85
112
137
192
149
87
84
122
125
120
137
109
103
141
119
75
120
142
115
121
162
103
110
87
116
135
133
104
96
102
149
147
185
138
110
122
112
130
139
278
142
86
99
83
88
141
339
130
133
129
126
198
185
144
128
132
84
153
114
104
92
106
147
103
104
94
74
59
90
125
104
118
129
109
97
120
149
122
82
104
106
91
106
102
122
68
98
130
117
127
126
90
112
141
165
148
171
96
113
96
116
138
133
113
114
126
160
126
100
137
141
91
125
116
126
94
96
108
130
123
196
146
137
180
158
126
112
130
267
168
181
150
115
157
118
138
171
191
98
90
125
138
123
174
160
118
152
137
160
105
95
98
106
124
142
146
217
228
123
136
111
101
132
100
88
123
96
90
125
126
101
106
74
91
126
115
104
83
397
153
125
104
130
124
161
113
126
158
144
120
131
170
129
130
152
193
119
112
117
104
99
124
282
274
206
144
117
129
127
129
144
113
108
150
125
113
142
175
136
110
110
107
111
126
117
104
111
102
125
139
111
99
2280
194
201
174
118
86
114
143
173
369
121
570
609
448
235
238
164
166
531
283
318
263
240
203
237
138
100
114
110
204
187
164
162
131
135
127
98
108
124
98
123
131
153
185
152
134
112
125
189
198
202
184
168
129
121
112
172
98
183
113
186
206
249
222
300
203
182
184
166
204
282
200
282
189
222
227
199
213
184
191
194
201
141
204
307
226
218
190
175
164
219
167
274
251
210
160
157
190
173
199
181
173
172
218
243
167
155
188
184
178
205
215
204
209
218
187
192
152
145
209
292
265
383
226
190
249
179
157
213
197
171
175
154
167
167
159
150
183
190
171
168
148
111
208
221
189
148
174
164
211
254
189
201
165
186
193
163
166
166
167
173
149
151
168
188
188
149
134
124
136
150
151
118
202
95
176
111
132
128
123
113
148
134
146
111
83
97
89
206
350
102
153
143
132
89
82
308
108
121
147
114
102
159
91
99
80
91
117
120
89
96
115
102
69
99
74
107
102
105
104
131
99
132
133
104
124
121
106
108
80
111
95
103
126
100
102
123
83
73
94
173
153
108
98
117
97
95
96
85
90
102
92
91
91
93
67
80
99
118
104
129
101
123
72
85
94
103
105
104
67
44
106
87
91
121
101
156
186
108
136
86
87
129
121
98
113
104
118
118
140
122
108
121
113
88
123
94
119
148
128
176
155
124
117
112
89
100
164
94
124
100
109
92
125
119
113
98
150
133
173
104
102
153
148
231
129
123
184
193
100
186
128
119
100
221
119
143
111
132
119
129
149
180
123
160
139
104
82
104
119
154
91
122
115
121
110
136
141
103
126
97
101
111
113
133
114
94
112
96
115
142
90
78
94
107
91
101
78
84
93
83
109
127
76
91
92
90
102
90
84
119
124
127
111
97
151
88
123
185
147
115
98
102
97
96
85
64
75
77
81
85
71
120
100
115
116
393
412
245
96
115
159
127
86
95
123
120
173
143
160
106
108
102
99
122
173
103
99
125
137
381
131
121
201
173
143
138
118
151
146
122
157
138
94
145
256
107
176
98
109
108
63
94
96
99
115
90
91
82
73
80
81
114
112
104
79
108
114
112
84
117
110
73
89
87
217
211
126
123
125
100
93
71
80
95
115
118
82
117
97
102
187
206
179
113
98
83
159
154
142
112
121
101
95
161
174
151
193
102
107
204
179
147
155
89
91
84
94
94
123
86
80
80
93
111
83
77
54
102
64
83
207
116
88
228
76
158
174
147
164
115
179
155
121
145
80
76
101
190
151
110
155
125
99
122
180
124
87
101
95
205
196
159
197
155
106
121
111
99
112
82
105
99
164
90
110
78
123
152
126
132
127
98
77
74
93
75
97
141
132
131
85
86
78
79
58
100
104
116
140
84
70
127
104
76
103
113
103
203
117
110
114
104
139
115
112
87
112
110
96
92
290
133
139
98
108
379
117
83
128
200
155
188
69
73
81
95
220
213
154
104
120
158
138
133
87
179
119
164
83
66
82
82
63
188
94
143
112
146
106
139
203
354
207
202
183
204
180
164
114
97
74
90
108
122
97
101
135
127
97
68
60
100
73
108
78
87
206
155
108
76
73
80
72
79
119
175
144
97
202
146
108
170
155
121
73
114
224
387
231
174
117
131
235
146
131
422
92
122
139
81
69
82
148
136
127
81
116
98
79
74
76
91
118
88
105
417
70
80
103
69
101
91
91
64
92
130
116
156
201
223
155
128
85
125
126
139
97
91
74
113
141
97
187
166
108
228
115
244
113
106
98
89
218
171
115
87
100
80
85
113
134
170
71
78
98
100
397
1399
10365
111
92
144
148
162
82
109
154
79
96
115
144
221
168
108
199
130
246
703
3705
980
97
104
99
76
97
133
147
147
117
111
97
82
107
153
131
178
135
128
133
113
102
106
121
208
91
142
177
126
94
77
110
86
82
98
107
95
71
132
131
99
88
77
89
96
64
53
96
89
108
271
157
101
334
146
135
133
113
136
147
119
84
91
117
99
128
117
95
114
113
88
83
189
216
88
73
156
119
147
293
218
129
235
185
123
93
106
92
114
110
97
95
89
117
132
152
121
94
121
91
114
101
126
121
101
133
102
103
81
84
75
124
139
109
102
85
93
112
79
84
112
124
105
117
94
121
81
91
107
107
134
113
78
87
102
97
103
122
162
133
116
201
96
126
71
121
112
164
203
99
78
92
90
76
337
136
281
130
95
158
62
72
73
110
108
125
137
131
118
85
164
205
146
118
162
120
248
222
192
213
180
127
105
94
73
228
76
94
106
90
156
123
86
74
80
73
96
112
147
129
116
519
292
316
136
127
117
95
98
136
164
172
130
76
186
103
105
102
90
104
80
66
56
92
106
112
74
85
106
104
83
92
98
94
73
73
85
124
151
128
166
91
94
90
110
96
98
63
90
488
309
195
210
156
231
277
131
140
81
106
84
137
105
89
118
160
153
120
116
110
102
121
127
114
105
108
118
192
184
224
193
87
90
89
93
130
98
70
137
120
114
109
181
84
115
107
123
166
159
155
135
118
109
107
136
77
86
103
95
88
76
97
116
84
189
123
120
108
141
85
83
111
147
93
91
310
210
153
128
173
185
109
124
103
110
107
80
121
124
222
110
150
331
393
333
155
129
143
190
156
110
91
111
122
160
146
130
204
182
126
186
147
95
296
260
178
109
82
120
101
117
161
188
121
115
141
131
93
94
97
99
150
138
95
81
119
92
108
185
104
134
220
139
131
124
124
107
123
246
143
118
120
164
152
149
148
179
126
104
91
115
144
97
131
104
204
222
143
135
160
151
152
193
139
106
98
98
94
99
121
192
127
136
112
98
91
128
102
74
95
138
136
139
127
160
150
121
138
137
72
94
206
391
190
115
129
176
108
120
74
286
209
168
128
185
153
101
123
166
151
193
153
118
242
195
180
172
191
147
108
123
105
207
215
128
128
139
132
235
131
240
161
234
113
112
183
89
94
122
114
122
140
104
283
264
153
129
144
277
239
231
164
106
93
232
502
225
137
353
471
106
112
122
102
138
108
117
136
132
100
122
121
145
152
93
200
166
125
149
129
148
104
110
156
134
123
196
199
319
200
122
125
138
331
122
137
152
151
199
169
253
178
137
201
150
141
358
146
132
160
156
111
184
87
113
94
149
99
106
102
165
149
177
185
194
138
131
117
106
174
145
112
129
152
116
146
127
158
120
107
101
107
135
183
151
153
110
122
97
149
227
145
113
95
150
136
140
171
105
131
190
168
117
150
135
229
166
132
75
158
125
200
151
114
120
176
113
152
190
128
176
167
145
161
115
123
164
180
122
142
143
111
100
116
121
98
184
123
155
116
136
118
122
148
178
145
88
107
127
146
131
136
151
129
95
100
94
102
96
273
100
235
259
146
128
87
125
84
199
235
134
108
98
145
114
128
126
156
122
92
269
344
192
87
123
151
164
190
187
119
104
120
322
171
105
98
107
71
116
126
97
1337
238
232
187
141
179
124
183
268
199
251
253
183
100
142
106
114
128
193
525
481
356
276
226
127
239
192
452
190
106
226
144
177
143
156
251
169
220
280
280
146
144
109
130
133
126
104
137
472
246
262
168
397
126
133
113
117
269
377
382
203
284
383
228
237
504
193
250
457
280
183
305
243
118
130
165
70
90
128
183
168
135
133
101
95
113
113
138
201
177
211
117
94
116
81
124
119
148
244
199
153
204
135
135
149
94
162
181
129
111
176
127
160
135
135
106
96
124
149
150
112
266
310
245
131
156
229
160
142
186
541
243
270
269
127
186
168
170
164
218
266
371
215
185
174
292
154
123
184
183
197
163
535
358
156
254
240
175
292
228
139
136
188
177
162
135
113
126
189
189
203
204
220
246
200
208
219
473
327
173
135
296
349
340
206
188
261
267
224
196
292
392
173
208
463
304
198
204
243
352
482
262
492
289
248
125
409
355
294
334
145
261
237
182
212
156
295
250
166
169
131
381
319
317
535
381
142
137
180
159
139
96
100
97
372
350
545
390
227
258
203
293
259
221
354
152
190
410
222
133
102
371
290
226
329
208
171
160
185
232
860
401
136
132
364
274
251
121
115
100
104
149
432
370
429
231
153
443
994
513
295
418
363
364
331
485
420
509
228
480
438
387
378
414
238
385
612
516
132
342
97
465
506
495
366
168
462
775
483
250
217
373
372
380
143
463
701
380
250
307
413
1070
777
415
395
314
461
499
566
408
251
524
576
380
733
566
261
304
500
357
360
92
564
477
402
202
534
1202
413
328
529
503
632
621
523
851
517
712
346
382
634
517
582
608
148
691
438
666
491
291
647
365
595
415
394
513
509
490
363
516
400
644
299
519
499
495
435
270
476
487
377
235
416
414
425
160
366
326
347
351
147
405
454
513
296
242
838
372
339
757
666
330
203
216
421
393
485
139
417
348
384
447
315
332
364
340
375
225
232
384
392
359
104
377
414
420
371
108
418
426
344
269
217
359
352
420
127
350
381
372
172
375
378
367
123
385
348
440
280
271
390
348
346
210
253
477
439
387
242
241
365
220
260
367
363
366
167
430
370
474
279
362
352
494
488
106
360
365
381
435
351
418
423
395
364
119
401
353
378
362
89
341
365
344
549
271
276
391
359
354
121
198
404
405
233
137
413
86
321
365
324
347
150
367
387
346
327
139
305
370
334
199
303
523
381
372
234
208
491
345
245
224
415
368
389
150
352
351
354
107
404
1029
485
365
175
347
363
368
337
111
334
378
337
406
128
357
341
377
359
202
238
375
342
370
261
291
378
555
481
239
284
407
373
366
139
340
400
101
374
350
367
362
230
232
368
367
370
273
256
402
350
343
118
337
355
336
366
113
355
372
361
269
255
370
418
197
494
348
347
218
257
398
342
160
360
414
484
336
155
563
1044
1272
259
236
396
349
359
241
226
355
470
444
359
604
465
1543
384
207
542
379
470
441
374
301
424
523
517
384
540
644
1637
425
261
360
253
126
188
134
137
151
246
290
280
326
428
705
853
110
104
109
107
115
124
128
103
197
203
265
243
485
690
819
1014
709
120
755
504
113
109
152
225
156
294
206
508
476
1063
131
129
141
112
94
115
134
112
199
153
272
204
539
432
1212
100
368
582
204
84
122
150
147
244
181
293
261
274
592
820
720
85
94
135
389
158
121
93
126
219
241
278
262
505
721
1123
155
149
264
183
145
134
158
179
244
219
344
304
534
394
1389
133
102
135
190
176
2724
