94
114
115
142
108
105
109
105
121
130
127
107
107
86
102
85
81
102
91
156
71
89
126
118
85
140
106
62
102
98
66
111
99
78
101
123
87
109
85
86
94
123
93
104
280
113
101
94
112
121
127
183
116
94
74
100
119
118
133
87
138
122
176
137
86
77
87
112
89
59
82
48
140
87
107
94
80
68
115
131
96
122
101
76
110
235
120
86
96
64
85
82
102
77
65
63
95
77
82
72
72
116
118
147
110
334
136
109
171
215
100
815
1060
283
110
72
228
96
168
104
133
140
84
166
78
106
101
137
118
139
77
76
145
211
97
112
101
92
105
91
132
87
105
102
120
138
166
178
379
185
237
95
161
91
103
120
111
153
84
57
212
196
198
118
106
167
172
101
82
70
73
75
177
157
82
79
65
97
85
68
81
87
65
66
82
83
89
193
89
114
115
76
86
78
89
76
110
135
72
157
97
84
83
135
83
92
84
75
101
134
101
106
86
102
79
68
94
68
106
128
205
197
118
117
106
125
121
104
102
136
124
193
81
85
104
80
105
103
98
199
185
218
198
104
96
84
120
74
107
84
62
74
98
82
74
69
77
103
108
97
78
72
116
69
68
70
92
70
89
75
82
58
55
58
112
77
81
50
74
92
103
96
83
100
101
84
67
83
150
78
89
78
48
61
93
87
131
129
77
95
79
80
88
110
106
88
91
71
70
90
99
97
83
102
75
88
90
93
95
143
96
128
114
91
73
117
88
89
93
65
71
103
144
127
76
56
97
113
99
93
84
68
91
74
82
84
83
115
112
139
72
62
52
80
79
109
95
70
90
111
121
106
103
124
93
103
94
118
69
94
76
78
76
77
81
86
99
90
253
137
103
158
94
98
117
57
97
95
65
75
89
96
91
85
80
54
80
61
91
97
85
79
125
71
152
175
91
58
72
70
65
153
176
72
77
59
108
115
97
57
68
100
74
118
103
76
92
71
64
86
97
93
64
80
70
103
95
72
113
127
71
98
104
114
123
459
431
77
96
111
95
117
107
88
68
101
130
57
97
150
93
93
95
76
65
81
90
99
69
84
76
83
61
134
89
99
69
94
103
77
92
81
86
116
108
178
199
927
585
80
64
87
71
61
97
69
74
104
55
117
67
82
61
80
64
80
76
75
96
123
68
92
95
91
66
91
165
90
105
96
74
94
92
130
120
101
59
89
68
84
77
198
155
357
82
99
83
89
81
113
75
67
73
99
83
99
120
87
64
82
74
74
72
88
53
117
99
63
90
94
79
77
129
192
106
82
54
71
77
65
75
51
93
113
109
69
78
96
114
106
121
130
107
88
84
119
78
68
68
62
91
122
83
84
68
83
84
80
86
72
67
74
95
66
78
117
99
60
90
78
88
75
94
155
78
80
74
93
98
71
103
105
102
101
88
94
77
65
103
84
78
103
91
81
87
78
92
111
90
70
106
97
93
67
105
125
101
90
86
91
101
117
58
147
139
91
58
73
82
66
118
110
83
106
122
226
107
101
78
105
75
83
87
91
122
136
122
91
89
67
126
84
178
165
669
508
541
109
87
108
106
68
110
87
84
96
89
75
98
69
80
77
72
64
137
98
83
93
83
85
117
81
83
97
78
70
85
81
92
104
99
68
81
67
88
115
98
84
87
66
73
80
79
85
97
84
81
96
87
94
122
96
99
117
102
64
81
78
168
167
96
102
109
138
124
70
84
77
70
109
109
97
80
94
63
77
69
79
57
83
92
106
78
71
61
56
74
75
71
82
108
69
59
145
97
95
89
80
90
100
96
75
77
94
85
90
96
107
72
60
130
159
80
93
77
86
87
101
87
71
74
70
62
98
77
58
71
84
79
87
77
79
96
60
65
80
78
63
95
77
58
71
88
72
81
60
57
90
110
96
72
76
77
76
93
85
88
78
89
98
89
80
88
79
67
83
80
81
130
102
174
124
134
97
79
62
74
134
78
65
100
60
77
80
61
88
76
81
126
113
96
61
105
88
112
83
68
147
127
91
110
129
88
78
94
86
91
87
112
141
112
71
84
93
72
102
68
63
75
89
78
80
106
77
85
89
86
91
73
75
96
74
76
74
100
63
52
108
58
95
92
65
53
73
64
53
71
87
68
67
56
109
89
79
67
75
57
108
105
72
82
85
48
80
83
70
72
91
131
133
95
78
81
80
72
50
64
48
58
71
49
66
79
83
89
103
110
128
81
73
111
101
79
70
91
69
84
130
109
109
99
86
113
114
87
102
90
79
90
99
180
108
89
101
274
98
120
95
112
106
104
129
105
86
96
84
93
107
81
104
89
215
86
75
76
87
83
71
67
54
75
71
95
83
88
52
87
84
96
81
126
86
48
72
74
103
107
120
96
85
81
70
72
81
70
80
72
63
84
84
82
96
111
102
884
575
66
141
109
103
60
110
76
83
82
96
94
91
95
90
269
124
100
97
62
63
68
53
80
88
104
59
86
100
141
58
60
66
84
67
119
211
63
58
97
57
73
86
74
108
73
124
112
84
76
72
70
93
107
105
73
101
88
82
98
118
80
76
89
63
180
116
103
163
95
93
103
77
89
91
90
71
83
145
71
88
65
94
117
110
106
73
91
61
82
78
66
59
118
144
274
86
123
61
75
45
150
68
62
81
56
78
120
79
84
76
64
73
153
102
88
82
94
141
100
92
83
85
77
60
79
185
129
83
80
97
92
321
84
145
176
113
101
91
97
397
110
206
117
128
101
91
129
93
83
85
126
860
406
278
63
98
74
56
270
67
119
119
89
133
98
147
147
227
286
99
123
130
124
130
106
117
89
104
91
99
301
70
83
73
66
68
78
53
61
78
62
165
84
80
60
57
54
73
65
247
83
147
65
251
94
83
83
149
119
67
64
116
235
101
240
109
242
119
88
80
70
74
77
105
119
61
116
106
78
74
79
68
73
61
69
63
115
65
73
57
69
77
98
62
81
93
79
50
87
68
118
113
99
106
99
143
81
135
114
110
91
79
54
88
156
119
78
133
163
189
158
144
72
73
63
122
83
161
63
81
60
53
70
67
109
149
111
72
107
67
83
104
112
84
71
89
107
144
162
105
119
136
107
95
88
196
214
120
85
94
102
119
114
78
73
86
90
80
68
82
80
113
98
89
83
60
77
96
81
82
101
107
103
122
89
120
97
88
91
93
87
86
84
70
78
66
80
67
75
75
61
54
143
104
75
66
79
81
56
176
55
76
92
76
161
117
122
176
143
126
98
93
101
106
88
72
74
103
81
74
93
74
48
66
55
94
112
120
74
93
164
80
108
128
145
135
183
110
193
133
76
160
95
78
73
69
84
134
92
88
77
96
89
118
80
74
91
70
108
93
54
72
60
70
81
98
107
72
71
68
98
83
78
91
98
89
82
116
116
68
74
110
67
96
110
55
60
101
79
56
86
129
125
87
65
80
85
58
83
126
135
101
82
55
75
70
73
156
145
144
201
86
124
112
69
74
73
153
118
86
103
84
47
83
138
95
86
94
105
113
129
113
169
117
67
81
74
64
130
45
71
92
65
108
77
79
72
52
70
70
61
76
113
87
155
268
258
86
88
100
68
75
98
121
147
285
134
174
74
57
75
76
75
78
68
60
57
82
126
307
62
89
70
62
89
72
82
65
76
94
77
80
107
128
91
72
74
68
61
59
66
67
267
186
112
132
111
154
134
98
96
80
85
71
78
98
57
73
111
89
88
93
88
71
81
99
108
89
94
70
164
128
95
930
581
72
86
53
94
87
118
192
110
74
74
78
86
89
67
88
130
110
90
88
101
84
108
78
80
78
87
154
61
59
81
92
84
96
118
72
119
90
63
83
72
106
79
150
212
140
88
90
106
116
93
109
100
97
62
77
92
123
85
90
97
118
68
92
108
94
95
107
134
79
93
82
108
100
104
87
137
87
88
135
93
114
155
103
90
91
71
83
89
134
155
110
93
112
104
83
82
86
97
99
114
116
93
83
80
74
103
101
78
116
108
122
88
91
66
100
176
92
114
68
91
113
97
82
119
80
97
75
70
99
104
76
76
79
135
106
68
86
96
105
92
96
82
75
98
97
72
74
134
100
92
80
67
90
91
93
49
56
89
89
85
116
97
129
88
91
91
89
323
302
539
176
104
97
112
95
79
70
349
193
140
295
406
272
116
103
114
139
161
74
78
308
154
194
100
117
108
109
117
88
262
210
99
96
115
110
199
120
169
104
203
82
117
143
95
84
161
102
90
102
86
190
201
122
69
93
183
139
191
89
119
81
221
98
59
104
109
90
84
98
92
82
83
96
67
155
106
77
98
131
112
124
93
184
131
167
96
120
97
141
103
99
107
117
192
113
175
114
101
84
292
231
72
76
91
89
89
111
128
178
139
109
105
100
110
85
93
119
131
90
100
68
80
54
68
92
67
77
84
203
110
105
74
101
117
85
88
201
99
122
181
158
101
92
99
103
91
82
63
80
84
101
97
103
90
93
57
110
98
214
85
77
91
76
147
100
80
78
154
91
143
79
202
123
141
98
56
93
80
83
72
168
78
211
102
121
134
83
96
113
137
109
105
66
100
129
117
117
80
72
87
94
77
73
97
111
88
73
92
74
77
70
103
93
88
91
81
89
66
89
96
85
89
74
78
66
88
131
86
131
172
148
132
77
66
86
154
138
75
100
103
107
147
83
116
117
86
58
236
238
149
79
112
102
125
95
120
78
85
102
299
80
102
66
108
67
73
83
133
89
157
117
124
83
77
86
98
200
129
212
200
126
79
91
108
93
107
122
133
91
264
179
135
96
103
132
237
165
120
112
116
142
91
108
171
61
152
1296
566
269
101
98
107
100
75
79
114
220
160
124
127
75
97
85
62
84
123
190
239
223
121
165
165
159
294
111
184
484
178
109
259
214
101
97
83
57
73
130
97
94
74
79
164
78
114
91
104
131
119
119
106
91
75
84
78
88
126
136
80
132
118
84
143
97
103
138
110
109
75
94
97
106
112
82
68
67
104
122
97
106
138
172
114
153
116
111
90
124
117
162
210
234
128
96
136
162
101
114
186
268
224
165
146
133
119
69
109
148
106
110
715
334
191
136
114
138
184
164
139
67
110
92
109
96
110
79
104
113
96
165
165
224
134
190
183
667
317
117
131
141
190
185
199
137
185
213
257
176
142
809
351
130
281
170
202
157
135
288
249
230
110
217
148
118
173
275
198
116
104
163
168
140
161
115
188
124
143
92
84
173
268
184
835
298
109
118
73
83
92
84
86
60
136
541
340
309
226
152
169
204
151
153
194
153
119
588
173
124
85
170
143
179
202
187
106
124
118
132
754
314
81
98
162
272
183
119
60
76
69
91
416
524
160
203
352
897
259
214
78
111
117
80
246
633
109
186
143
130
166
110
256
147
109
148
286
511
201
200
74
162
277
129
170
90
447
248
312
88
58
85
156
87
105
137
487
124
89
74
114
128
68
57
113
143
93
75
69
78
68
83
273
156
195
88
126
197
117
108
113
103
238
214
106
115
109
246
95
196
115
126
112
109
240
196
241
150
74
75
86
66
73
96
105
126
85
118
106
60
87
72
70
56
85
70
62
70
87
72
108
79
89
88
83
104
64
85
59
88
113
85
119
152
123
109
64
60
58
61
130
96
109
317
107
71
67
108
80
98
147
68
75
80
66
127
96
147
83
98
87
148
110
984
616
83
78
73
63
80
73
62
72
87
107
134
103
103
96
78
63
76
77
78
89
126
122
72
79
69
108
103
73
88
106
120
88
157
117
96
77
69
90
83
82
213
140
77
88
97
63
110
77
63
110
144
154
96
60
118
134
103
72
120
106
62
94
84
76
179
97
112
155
119
59
120
117
93
89
79
75
70
81
125
370
143
121
106
97
68
193
233
137
108
102
64
93
74
75
102
114
87
100
96
110
90
98
81
64
108
71
94
120
160
106
84
72
77
113
81
149
100
129
123
100
117
92
81
73
88
123
229
192
178
146
98
95
126
82
79
115
110
125
100
102
186
113
131
101
77
88
105
92
90
118
125
108
93
94
69
96
114
108
97
99
57
98
78
87
65
86
82
107
61
96
103
114
74
83
98
74
67
81
81
88
59
73
70
71
79
69
87
109
88
103
90
120
904
592
72
89
146
59
60
74
123
123
92
73
83
118
166
86
101
101
83
96
81
104
71
78
71
80
60
87
89
69
121
96
96
143
147
80
97
117
93
134
102
84
94
149
135
80
107
101
99
87
89
101
78
121
287
95
66
105
89
76
92
117
84
73
92
81
89
80
94
68
79
83
81
69
73
86
1271
77
314
676
202
97
110
85
84
75
83
115
101
91
94
84
121
88
88
97
109
123
60
84
103
100
79
93
108
105
594
237
146
95
83
107
118
101
70
96
119
105
128
102
89
70
92
87
109
99
92
98
133
99
84
91
120
99
106
102
122
105
128
111
101
88
101
103
106
118
117
133
104
95
115
111
94
118
98
86
