35
37
37
41
36
30
40
39
31
29
34
39
31
33
33
28
26
38
32
39
40
32
28
33
33
43
37
24
23
29
23
31
38
33
32
33
34
29
29
25
37
36
39
33
56
31
21
47
32
36
39
71
38
31
27
29
36
37
32
39
44
33
46
47
30
22
29
31
54
33
37
33
32
44
32
50
39
32
34
44
41
38
32
31
37
84
62
46
32
30
29
44
40
36
17
23
27
28
24
21
34
41
35
52
39
48
61
45
62
90
29
34
33
33
39
25
35
36
28
31
102
49
39
32
29
34
45
71
49
44
30
26
29
65
45
48
33
28
32
40
41
43
31
37
41
91
73
61
76
156
79
45
43
58
39
39
53
44
41
24
183
79
64
74
66
41
95
40
29
41
30
24
45
44
42
31
31
26
25
22
29
32
26
14
32
31
33
51
46
34
37
30
24
25
27
37
97
56
33
22
37
38
29
26
32
73
79
28
31
34
38
47
38
24
34
29
33
32
35
33
52
58
52
32
41
40
26
24
58
28
57
51
27
45
48
23
32
30
33
78
71
74
127
34
69
26
35
35
25
31
30
28
37
41
22
23
27
32
33
27
26
19
26
27
28
26
29
25
28
18
22
26
25
21
24
37
33
27
30
27
48
38
35
28
39
31
44
26
34
50
34
37
23
18
30
28
24
29
38
32
27
29
29
25
34
25
23
21
26
26
40
24
24
90
69
21
34
105
26
28
22
34
36
34
26
28
47
67
106
22
19
24
55
95
51
20
28
26
42
41
44
30
25
27
30
20
42
36
36
28
29
23
19
22
36
27
35
23
25
33
40
42
41
32
29
32
40
32
31
32
36
23
24
19
26
33
37
27
70
38
64
52
32
31
34
24
22
42
26
20
27
80
25
24
23
19
24
23
25
29
27
43
34
31
36
67
29
25
19
29
22
52
65
62
37
19
60
28
20
22
24
28
26
31
32
24
31
24
37
37
35
27
22
30
35
33
32
26
30
46
35
20
31
27
30
23
30
32
30
50
36
40
42
29
26
39
38
34
42
50
42
32
33
32
22
27
31
33
24
29
26
29
25
43
32
37
35
38
35
28
33
25
42
33
42
40
111
42
34
25
24
28
28
28
28
24
74
33
34
25
22
20
26
31
29
24
29
23
27
32
21
31
35
38
28
29
39
29
29
29
32
38
31
47
43
33
36
25
25
29
31
44
70
71
31
31
27
34
36
59
26
18
27
29
28
27
38
35
26
22
34
31
40
30
20
35
40
32
49
25
31
25
28
54
45
34
26
29
26
19
21
13
31
41
33
19
32
25
39
48
51
41
41
44
34
42
34
31
25
35
36
42
35
31
24
24
32
28
34
42
28
28
32
31
34
43
34
27
35
33
30
37
38
50
29
33
26
33
37
37
20
36
37
37
45
50
25
31
29
23
25
34
38
34
32
30
31
31
32
33
35
22
29
22
34
38
32
31
27
36
39
35
37
46
32
34
30
27
26
46
32
30
26
34
39
55
37
37
35
31
32
34
27
33
35
28
34
29
25
24
45
47
37
85
88
30
37
28
28
50
43
26
29
46
73
33
24
25
27
25
26
24
32
26
46
29
24
30
24
27
37
29
31
32
30
22
31
33
34
40
30
23
31
24
31
53
45
29
34
32
30
26
25
37
32
29
36
28
35
32
33
33
39
31
31
28
20
20
40
64
51
41
27
44
49
37
32
33
22
30
46
41
31
32
26
22
22
20
24
21
31
59
34
38
23
15
22
24
24
23
26
31
26
51
33
31
28
33
32
26
29
25
34
39
23
29
37
38
20
25
18
32
22
22
26
27
23
26
37
27
26
19
23
27
21
20
21
19
27
24
30
22
23
21
26
25
23
19
21
18
19
19
24
27
35
34
25
39
31
30
25
25
25
17
35
32
30
22
26
26
29
27
36
34
20
27
24
27
43
35
76
46
68
41
32
23
27
34
26
28
33
32
30
32
27
30
22
23
50
49
32
24
41
52
33
26
29
73
74
28
76
50
48
26
25
28
33
36
38
47
44
32
33
39
27
38
20
20
32
33
27
18
22
27
26
22
24
26
22
17
29
22
25
21
24
25
23
84
74
28
31
24
19
27
22
15
23
26
19
21
19
28
27
27
25
23
20
26
22
18
25
25
19
23
24
25
24
37
61
48
37
29
24
21
27
35
24
17
18
19
15
19
18
22
26
42
26
26
43
40
25
23
23
22
44
35
32
34
31
41
30
35
41
36
23
41
33
32
22
32
44
48
28
30
33
33
35
36
38
42
39
38
35
31
27
27
23
27
26
43
20
16
22
20
22
28
28
22
19
21
18
23
19
31
19
18
16
26
39
27
28
30
22
18
23
23
86
35
32
33
27
26
19
21
27
27
72
23
31
28
27
40
23
84
34
34
26
35
28
27
26
36
31
81
31
31
40
58
38
30
54
42
22
26
23
18
25
25
30
35
23
21
19
19
35
22
19
16
26
21
14
88
24
21
27
29
35
99
38
46
24
34
29
26
31
21
15
22
37
38
28
45
30
28
32
38
36
31
21
20
36
34
37
39
29
29
30
42
33
30
69
43
28
23
22
22
19
35
37
32
83
26
30
20
23
28
24
21
41
61
125
26
67
23
24
22
72
20
22
21
18
72
37
40
32
29
26
24
50
43
24
23
30
42
27
36
28
25
25
20
20
49
24
30
21
30
50
119
29
62
62
32
318
29
33
86
147
182
68
86
51
34
45
51
52
172
60
106
32
26
53
22
17
16
88
23
54
86
51
30
35
139
59
58
40
36
35
34
35
38
40
25
24
24
26
24
150
48
25
35
16
20
25
15
20
19
31
121
76
41
39
25
21
20
17
76
35
91
29
150
35
40
46
105
39
22
17
100
88
27
97
34
75
56
44
33
26
23
55
95
42
23
31
39
28
25
27
26
20
19
17
24
27
23
21
18
19
18
15
20
19
20
25
21
32
24
36
25
36
32
24
34
31
40
48
37
32
26
26
40
98
83
37
45
56
22
91
86
32
29
24
29
29
49
23
25
18
25
21
24
26
49
30
18
24
23
31
32
31
24
30
21
39
52
46
25
33
42
32
22
25
36
52
29
40
33
33
45
30
28
26
28
30
29
22
34
52
48
44
31
26
29
31
31
31
27
42
34
40
36
29
37
29
36
25
30
30
24
26
24
23
17
23
26
27
28
28
22
39
27
33
19
16
17
19
14
19
25
27
27
32
45
45
42
48
47
36
32
39
29
23
33
26
33
29
24
30
22
28
27
30
29
66
69
22
25
43
24
27
55
50
25
61
89
51
32
19
23
32
25
24
32
30
32
35
26
32
31
38
40
30
29
30
42
43
28
24
25
21
22
26
28
39
33
22
23
43
35
30
28
26
27
29
35
35
26
26
25
17
27
41
19
20
20
23
21
32
42
34
28
30
24
22
15
21
42
40
34
35
19
27
21
24
32
43
49
47
23
42
28
17
20
22
32
42
28
35
31
14
22
47
25
33
30
32
45
76
58
52
23
27
24
24
22
33
24
26
26
19
28
37
20
21
11
25
22
27
25
28
36
38
101
119
36
26
342
25
24
26
37
47
33
16
46
33
24
26
26
21
24
19
14
18
22
25
21
14
20
30
21
20
27
27
16
20
21
24
29
34
35
25
21
24
19
21
24
23
27
53
40
45
38
41
53
67
49
46
30
23
24
131
22
20
21
74
106
24
35
37
32
23
56
38
25
25
24
80
79
95
50
37
23
20
26
30
27
26
31
64
79
20
35
37
40
26
30
44
37
36
25
30
36
24
24
15
26
23
23
19
22
19
30
25
34
38
31
32
35
24
30
28
23
29
19
30
32
30
31
48
29
25
30
28
41
26
23
46
37
31
24
28
31
30
31
48
38
53
49
46
28
28
31
32
56
41
43
35
29
28
54
52
29
37
41
37
38
24
28
34
31
30
33
26
29
39
32
20
18
24
38
30
38
21
19
34
28
25
46
35
36
41
47
28
24
27
22
27
43
34
27
25
34
38
37
32
30
37
35
23
25
26
42
31
32
41
36
32
19
41
40
31
29
35
28
32
27
31
24
32
45
31
24
18
25
40
27
32
20
20
30
33
31
77
29
27
77
30
37
25
24
49
38
24
33
41
48
27
25
49
57
44
143
94
103
70
31
34
43
84
41
28
33
42
23
90
27
42
47
37
45
51
45
38
38
48
87
52
35
39
54
41
47
67
39
50
28
54
56
30
34
37
41
54
44
28
38
53
54
52
36
31
29
32
27
26
38
49
35
31
31
40
45
28
32
26
37
36
32
26
38
39
40
36
35
55
38
46
24
46
37
40
46
39
44
71
60
41
40
38
33
43
62
38
26
30
28
32
38
56
49
49
46
26
32
110
55
31
89
62
31
29
13
28
19
19
32
19
29
42
36
44
36
32
34
36
25
26
39
27
25
32
44
28
29
39
32
30
29
21
20
28
34
46
29
39
32
25
41
46
33
38
26
39
25
33
35
30
44
43
47
32
41
50
51
48
40
22
25
26
45
33
29
26
41
30
28
37
29
29
39
33
39
35
31
30
46
35
26
25
21
26
28
30
18
47
43
37
34
30
21
24
39
30
24
23
32
52
32
26
36
29
42
28
27
27
26
31
40
32
90
29
44
32
27
20
26
60
57
48
69
88
34
26
28
36
37
31
23
53
64
34
34
42
43
38
30
33
28
26
42
39
35
21
35
29
23
48
45
416
17010
8912
49
44
33
26
27
41
55
58
61
61
29
24
28
33
56
34
48
38
39
91
85
39
51
63
79
109
40
32
67
52
60
36
436
64
57
127
87
90
75
68
53
57
67
53
1424
5032
71
58
27
26
36
35
72
58
29
50
89
95
68
55
66
64
35
81
45
56
78
51
52
92
89
32
37
35
27
20
31
46
29
30
30
33
35
32
32
32
46
54
32
44
29
29
26
23
36
41
54
37
43
48
39
49
52
54
44
38
29
28
30
33
48
38
31
30
22
24
37
31
37
51
57
56
57
34
50
34
50
41
52
42
45
41
37
36
37
24
34
74
97
47
50
46
42
33
32
37
33
33
28
66
107
73
38
42
42
60
44
42
22
32
25
31
33
36
30
30
41
35
45
48
60
49
57
62
126
104
43
39
36
52
94
65
51
66
61
80
65
47
100
89
49
119
122
66
64
198
244
664
285
253
293
673
53
171
92
66
54
69
77
55
47
56
56
63
73
50
31
34
87
74
65
110
79
39
53
51
36
42
22
24
21
50
103
108
63
76
61
81
48
66
69
73
44
47
93
76
40
35
82
59
50
73
51
36
38
43
54
132
103
44
37
82
81
55
34
25
25
24
37
93
98
90
65
39
52
64
61
37
50
42
35
91
82
41
63
46
43
71
79
53
48
36
51
81
96
41
44
35
46
66
68
30
76
77
82
128
65
24
29
33
30
29
274
125
137
28
33
37
23
17
16
22
161
129
26
27
30
24
39
48
39
37
42
32
33
35
27
27
29
53
47
34
39
61
267
41
75
46
39
33
87
42
62
54
52
16
29
26
24
23
42
91
33
28
44
27
26
33
25
19
22
20
33
23
24
31
39
29
33
44
33
22
29
25
212
15
27
26
31
46
28
39
36
27
27
26
24
59
51
45
45
34
34
39
327
32
74
60
31
33
27
26
42
32
45
26
33
28
81
27
35
36
29
29
20
20
30
62
76
22
47
45
38
36
33
33
22
18
25
30
38
26
34
31
24
22
26
40
39
35
35
37
40
52
35
35
26
32
23
28
29
23
42
33
24
32
28
21
27
19
23
37
32
45
34
17
65
59
27
28
68
24
25
25
26
22
26
47
40
48
38
40
49
33
53
48
24
44
25
22
28
55
44
42
44
30
21
38
33
34
45
40
24
37
25
19
24
41
46
40
27
42
101
35
37
20
34
34
40
38
56
47
40
34
29
41
29
193
53
46
34
36
75
33
22
25
29
47
511
36
41
50
37
37
36
27
26
28
40
37
41
42
36
34
47
43
28
33
42
38
34
39
34
38
32
41
32
41
37
35
29
32
31
30
29
31
22
25
30
32
27
36
43
26
27
32
30
27
23
23
33
29
26
22
30
29
29
29
28
30
39
31
32
88
28
25
24
28
34
16
29
19
34
89
33
34
267
67
30
28
29
32
24
23
19
20
22
26
30
27
22
27
32
24
30
30
54
44
62
41
79
63
45
61
34
32
35
86
79
137
136
402
302
58
117
201
456
257
74
28
20
29
35
25
31
21
53
34
27
26
32
29
31
38
26
30
37
30
30
176
65
54
149
110
45
30
60
89
25
34
32
25
37
29
38
31
43
50
23
32
31
30
28
24
30
29
45
208
125
36
327
118
36
34
34
29
36
34
20
25
40
51
44
42
27
28
30
62
172
38
34
35
36
35
34
37
40
40
224
140
32
30
34
27
31
44
31
24
78
47
39
37
41
38
35
29
24
30
76
