70
1749
119
144
56
82
73
73
90
61
88
77
54
118
81
59
69
92
111
185
69
77
80
110
85
112
119
71
72
88
93
94
1384
812
64
102
86
88
67
69
74
68
80
80
88
93
49
91
95
89
198
155
88
71
87
69
88
86
80
103
104
88
124
92
72
77
69
62
86
53
70
130
74
100
81
74
74
73
71
74
133
125
96
75
107
181
77
59
79
65
98
91
93
64
63
49
53
66
65
52
54
81
84
140
76
190
71
127
140
114
54
578
191
120
69
58
99
53
73
143
157
90
66
67
55
77
69
95
85
62
64
31
138
53
88
74
60
76
69
82
86
96
121
76
114
127
350
87
167
89
108
72
120
74
113
96
70
7379
55
76
196
90
3942
5299
87
176
52
77
83
47
103
136
151
69
57
79
63
55
53
46
56
57
52
55
84
147
169
87
108
142
62
72
48
75
67
130
54
94
59
57
64
61
53
55
171
354
120
75
70
81
116
89
77
65
55
58
64
102
57
102
195
67
77
83
81
111
82
67
56
61
54
56
77
73
69
72
89
78
139
100
99
100
86
90
59
119
90
64
61
62
57
65
45
63
48
94
99
84
71
39
56
85
61
75
95
71
62
72
62
48
57
50
50
87
72
57
66
64
72
202
99
96
119
72
71
65
111
76
70
77
44
49
86
54
43
57
80
78
65
72
55
219
70
127
77
4200
1738
79
1859
2459
610
59
82
77
46
55
76
78
79
90
98
110
64
84
121
652
5491
52
77
733
3113
1181
62
55
61
70
50
61
70
68
51
82
66
62
70
92
75
118
83
53
55
49
208
80
125
67
48
72
72
106
104
84
59
80
72
77
65
71
82
77
52
42
58
86
64
54
120
76
95
88
76
70
81
66
62
68
73
73
115
88
66
60
41
64
39
58
60
71
48
70
90
64
62
95
62
67
48
58
48
162
64
68
74
44
123
238
55
53
85
70
67
68
68
60
71
44
64
68
61
76
54
72
72
72
69
53
72
78
75
58
52
83
55
49
39
80
73
52
122
105
84
247
83
61
87
66
96
95
97
76
116
81
45
61
103
92
65
36
66
48
64
91
76
74
68
63
67
51
61
48
83
50
98
64
119
119
69
55
53
62
39
58
83
49
52
114
102
78
55
41
63
67
75
59
56
48
58
89
58
42
64
87
78
152
44
239
396
73
57
80
67
72
68
93
58
68
58
49
46
49
102
57
67
97
66
79
56
72
117
56
67
80
78
73
274
128
76
50
63
59
245
391
51
68
73
61
70
66
54
60
45
95
92
86
71
42
65
55
62
55
36
72
67
111
58
167
72
88
164
144
121
132
113
120
133
68
56
48
74
76
70
95
78
55
63
69
55
80
51
51
68
67
56
94
88
81
54
65
147
132
139
82
86
58
54
112
90
76
75
89
97
198
144
167
150
178
148
153
163
170
197
202
152
208
175
154
213
184
175
175
161
168
181
179
180
203
210
187
154
307
184
209
239
182
173
170
188
183
165
142
162
192
180
287
204
164
159
163
173
175
201
162
197
193
182
176
154
181
162
176
232
219
140
186
159
173
160
207
199
166
149
150
199
173
171
211
163
169
153
163
138
64
168
184
167
180
172
178
172
175
177
177
207
161
166
159
145
182
203
174
156
175
170
150
195
136
89
67
127
101
111
67
75
83
119
110
98
92
97
88
106
105
94
78
76
63
76
137
168
117
110
69
75
68
59
90
157
64
74
71
62
82
48
53
64
60
43
58
54
80
66
68
46
42
37
46
51
67
52
85
53
76
93
86
84
72
59
74
53
85
57
71
79
51
85
79
73
59
54
85
71
62
57
71
47
51
57
54
42
63
57
57
44
52
44
82
65
147
83
64
76
68
46
62
48
51
55
43
58
38
87
52
68
57
52
49
68
71
76
50
68
63
70
50
76
61
67
44
75
74
75
67
77
66
63
59
73
94
92
88
143
97
84
50
59
73
95
88
60
72
59
100
75
67
47
64
73
80
135
57
76
112
71
75
74
58
91
135
65
89
74
117
48
60
79
63
66
88
76
77
119
86
104
94
76
44
41
71
64
71
51
58
79
57
49
66
64
58
56
57
65
59
65
47
64
52
59
71
53
70
43
48
62
56
52
55
45
72
48
86
134
47
62
81
62
54
60
55
59
62
66
62
65
64
54
40
60
154
100
85
66
61
63
79
62
55
44
50
60
43
66
50
66
73
58
136
60
67
87
52
46
55
45
56
80
58
88
92
86
52
70
86
88
87
97
64
48
64
64
94
108
117
75
58
204
147
63
80
92
63
102
70
68
76
108
58
58
50
80
66
31
53
51
67
76
50
53
60
46
49
47
73
67
37
49
63
47
62
54
55
59
41
60
59
82
89
69
54
61
52
60
60
41
50
79
116
42
78
66
98
81
142
98
79
53
72
51
70
57
79
78
113
53
64
70
89
96
41
94
161
75
83
70
47
47
76
50
88
61
48
36
31
47
63
38
48
47
38
48
39
117
72
70
70
42
70
84
86
99
61
84
67
52
65
52
40
88
85
58
45
72
97
66
74
68
38
56
55
73
77
93
95
87
61
50
56
75
61
45
73
57
58
47
51
53
47
68
75
87
39
52
54
54
44
52
37
106
123
76
137
52
47
46
35
65
48
46
64
36
58
63
45
52
42
58
143
101
106
63
54
56
81
64
64
44
52
51
55
47
87
46
51
60
63
151
80
51
164
89
160
56
44
40
235
73
294
113
102
89
80
70
97
70
42
154
103
60
26
39
42
21
26
105
91
104
31
125
79
35
124
187
105
86
73
119
105
77
102
68
40
26
37
49
78
44
48
36
63
21
30
42
36
31
27
151
52
64
25
35
23
39
72
135
124
176
86
119
65
110
61
128
50
20
39
77
45
79
153
67
128
92
77
48
55
38
46
149
58
55
81
87
66
43
59
59
36
39
27
66
47
43
34
43
39
30
40
40
48
70
36
42
65
89
50
52
153
106
64
86
65
64
160
61
86
45
43
41
137
112
102
189
69
126
76
122
42
83
48
62
118
198
45
48
38
41
39
69
90
85
79
42
50
55
41
53
114
67
72
88
128
99
79
75
100
120
92
45
102
112
94
63
69
146
114
76
46
52
38
59
71
44
56
73
71
65
63
50
51
43
85
56
51
65
81
74
43
68
79
58
109
55
69
68
41
43
50
60
50
37
47
60
56
49
92
78
65
46
33
41
44
56
22
46
45
48
55
54
52
178
138
123
87
66
72
57
43
50
56
49
42
72
80
74
47
66
38
65
71
107
47
59
76
50
61
106
113
283
209
128
134
104
55
54
95
48
47
51
58
66
62
73
48
62
52
73
75
49
69
47
65
76
57
43
49
51
44
71
54
49
47
64
83
69
48
35
58
58
48
54
53
56
48
62
43
60
87
48
30
69
35
49
75
88
78
71
28
37
71
38
35
170
139
74
43
37
59
53
53
119
122
144
121
57
67
43
32
37
49
86
91
53
76
72
49
123
129
86
55
81
93
170
121
120
91
54
69
47
44
30
71
53
36
98
53
58
64
45
53
40
49
42
57
68
65
78
145
205
123
75
56
161
46
77
73
89
91
75
69
69
36
44
43
119
35
34
39
65
57
50
44
41
42
69
49
44
46
54
44
40
28
88
67
62
79
118
50
50
71
48
35
25
50
91
163
84
97
99
52
87
90
86
75
81
119
79
44
35
52
63
77
56
67
42
71
48
46
62
57
59
83
64
94
86
109
44
54
39
51
62
65
49
69
88
100
60
39
38
53
67
69
59
85
185
90
82
81
66
90
36
62
46
44
49
37
68
47
49
140
84
78
44
69
56
48
69
47
84
57
80
99
79
75
73
100
96
54
62
75
49
61
70
82
59
482
62
81
79
83
78
84
67
61
84
65
52
82
56
95
70
72
43
105
65
88
60
62
81
137
59
51
33
55
50
53
87
95
54
40
53
56
46
43
55
47
48
67
60
34
69
54
47
70
80
60
110
84
74
55
46
57
82
123
65
64
66
105
80
88
64
105
61
58
53
50
77
81
89
84
91
79
55
53
72
99
85
87
73
48
51
49
45
66
83
86
55
46
66
58
72
56
47
24
66
68
47
44
93
58
53
51
90
57
42
50
107
86
84
55
66
78
91
48
114
117
112
97
63
105
74
68
90
85
107
57
64
107
107
95
96
85
88
75
83
55
38
85
59
81
127
70
72
181
79
70
73
64
254
88
47
87
81
59
54
79
104
169
95
89
56
74
88
136
106
105
44
99
139
72
57
64
94
56
61
75
55
61
56
67
91
89
72
78
78
70
60
60
123
121
137
81
64
68
75
82
83
64
68
120
114
129
74
74
57
285
185
62
80
73
130
77
108
111
115
96
72
77
61
89
90
74
64
77
80
77
48
50
38
62
86
41
55
69
75
149
73
58
48
62
70
73
80
90
55
159
99
66
57
70
88
88
64
58
61
55
69
75
93
51
63
77
61
99
81
68
53
73
52
128
52
68
46
97
92
70
74
64
88
114
88
73
61
56
68
90
115
44
78
80
82
74
105
96
124
88
73
90
49
88
86
62
87
82
76
54
96
62
47
92
84
80
80
56
74
42
80
73
72
52
57
79
66
73
54
94
66
83
62
72
57
64
77
81
129
97
69
66
54
44
91
96
60
69
109
47
66
109
99
71
146
58
47
89
71
97
62
59
75
125
76
76
99
78
96
178
94
50
63
75
51
46
45
77
66
79
82
91
83
50
34
73
153
84
126
152
53
60
52
59
72
61
183
44
171
193
95
71
89
171
87
218
76
80
144
107
81
51
76
58
84
83
199
86
83
68
58
87
61
59
48
132
138
125
88
86
70
60
67
44
69
144
293
118
168
262
108
130
155
170
60
95
120
85
193
120
78
68
103
63
39
97
82
143
80
61
46
54
62
49
67
100
78
85
64
41
59
41
50
64
70
96
75
71
75
62
65
96
78
67
59
75
54
76
75
81
69
66
55
39
72
83
73
63
137
75
136
69
79
85
79
120
132
104
94
134
304
73
94
92
70
91
121
132
112
116
125
119
86
56
79
82
66
73
208
181
111
189
116
104
149
68
133
98
70
75
69
68
59
53
62
76
63
71
101
156
87
132
106
223
125
124
77
77
138
186
134
74
148
95
122
101
116
266
131
118
171
97
118
69
81
116
255
169
100
231
113
80
90
105
184
122
75
98
96
82
111
91
82
118
106
91
114
176
209
138
267
194
74
52
72
62
105
60
54
36
99
200
265
116
240
160
267
121
235
173
121
75
85
216
165
107
51
152
148
122
184
95
90
93
70
104
408
207
97
63
190
133
111
60
43
57
68
58
177
201
236
290
578
1216
130
158
79
102
103
101
161
163
122
188
87
77
123
159
149
79
68
119
180
166
75
323
65
74
89
110
62
137
141
206
198
72
41
41
101
81
56
115
47
65
73
48
62
68
50
43
50
57
59
53
52
54
52
58
111
109
95
81
106
94
115
64
73
74
71
125
70
67
62
93
124
104
57
59
66
184
165
86
115
97
38
74
63
42
55
118
72
96
93
73
51
40
57
41
43
47
67
54
55
43
62
89
79
68
62
46
35
37
44
38
35
88
66
70
67
60
87
46
33
43
39
46
71
124
80
116
92
43
81
82
64
72
78
60
67
65
102
95
91
53
46
61
110
57
84
115
51
63
73
52
53
53
63
88
50
46
87
105
103
52
59
60
35
43
42
64
52
65
64
54
56
53
54
39
51
98
77
59
62
98
56
67
56
71
52
54
63
79
64
65
59
59
49
82
52
55
91
73
98
57
50
85
84
129
89
119
55
65
53
77
83
63
72
70
89
69
88
67
83
61
54
67
74
52
62
86
92
80
95
70
54
188
411
151
63
89
54
68
72
77
58
60
80
90
61
104
90
65
52
38
77
62
33
81
66
74
43
57
38
61
58
52
46
103
144
65
72
62
55
46
50
58
117
109
122
154
122
64
64
55
36
68
70
93
72
113
104
78
66
68
58
96
91
109
90
62
81
80
72
61
189
84
149
109
78
76
66
85
92
68
62
57
102
82
105
71
74
62
64
62
56
52
53
73
64
65
83
124
50
68
64
69
61
68
86
68
96
78
59
43
105
84
56
54
74
63
121
73
57
102
85
61
55
39
80
80
94
103
81
60
61
87
71
53
67
63
59
56
68
49
110
96
121
59
107
143
123
78
92
83
70
74
75
63
70
97
60
79
69
60
65
218
67
42
67
67
55
46
58
61
76
50
58
64
65
77
50
76
45
63
53
104
87
56
59
81
63
140
66
136
56
46
64
65
73
98
77
61
69
106
85
76
80
83
77
79
126
65
60
63
85
108
113
97
111
135
64
72
67
74
80
58
91
72
73
64
81
47
68
89
59
92
85
78
64
52
103
223
68
123
105
73
108
89
100
76
90
67
61
83
62
69
82
83
68
88
99
57
65
127
100
53
