95
139
147
158
80
71
72
107
83
65
84
72
112
71
61
51
73
109
90
95
69
74
171
111
100
134
67
52
83
61
63
112
106
66
56
67
98
75
68
90
67
116
115
122
113
78
70
123
131
87
771
367
83
99
76
62
98
98
141
126
128
85
94
110
69
53
96
91
46
40
59
44
91
63
98
62
83
89
100
85
78
92
87
72
119
261
134
83
81
78
79
76
92
65
46
48
84
84
53
50
84
125
113
106
98
278
131
124
355
143
51
86
338
642
351
229
123
240
175
102
144
202
86
85
82
97
123
241
110
132
81
64
257
85
132
64
79
126
86
88
74
98
137
122
130
150
164
123
465
196
145
104
136
93
79
104
110
176
92
89
272
127
191
130
102
166
139
101
110
64
113
71
245
140
102
99
67
154
74
233
189
143
144
98
465
554
487
599
162
164
75
77
93
72
91
99
72
67
90
115
103
80
87
99
71
93
63
78
86
144
115
117
78
113
72
69
98
65
91
130
194
245
112
126
135
109
32
59
171
62
277
75
92
102
67
53
77
87
65
469
152
470
145
97
102
45
79
89
90
53
50
57
129
51
81
71
196
100
92
65
56
64
89
54
60
55
125
219
63
48
56
66
57
61
216
105
88
90
76
73
117
77
71
93
83
97
51
103
77
86
77
78
66
175
121
94
85
177
165
90
85
83
155
90
76
64
60
84
75
56
72
77
288
92
65
88
78
96
116
111
205
112
203
91
85
118
91
70
84
52
35
148
182
106
76
57
84
68
92
94
69
68
73
65
47
86
86
112
95
64
69
57
49
71
78
105
93
54
125
110
106
119
87
107
74
105
103
75
274
88
43
52
54
59
79
229
73
75
114
85
178
165
98
114
93
96
182
49
57
66
66
63
78
80
35
47
56
80
65
53
98
103
84
112
102
110
93
49
50
55
64
74
68
87
45
767
395
50
85
71
122
86
120
109
52
80
66
95
87
93
63
77
76
87
108
87
84
81
114
49
104
48
111
43
63
76
89
53
100
132
129
146
77
72
89
138
95
195
140
104
125
89
98
78
84
126
80
45
71
97
90
50
92
89
97
81
84
74
60
77
72
66
132
98
213
198
88
75
64
36
64
69
121
115
72
82
87
65
144
75
108
56
118
100
81
67
75
103
67
63
81
103
62
62
71
166
103
69
111
103
104
82
145
101
252
131
63
140
76
67
154
127
77
193
102
167
105
99
80
57
116
96
94
547
719
88
80
82
113
79
94
89
72
87
74
63
109
70
70
63
1036
81
73
94
57
58
91
114
108
51
160
306
126
88
89
134
134
153
130
207
132
109
69
143
159
85
41
67
642
145
121
49
82
99
114
83
99
81
82
61
101
96
108
123
88
65
90
90
101
107
69
164
95
72
61
93
66
96
73
102
105
98
122
117
95
76
88
80
93
79
138
111
84
90
88
91
84
78
90
71
78
44
86
80
111
106
80
68
153
86
64
282
137
103
60
46
86
81
92
93
89
95
135
160
100
128
267
165
87
99
119
94
128
154
119
85
71
128
96
193
171
253
84
97
114
80
93
128
84
81
76
64
100
125
63
76
289
80
90
119
63
88
155
86
53
108
66
112
85
82
88
85
86
110
60
63
74
83
74
71
87
84
93
118
101
85
127
81
64
70
70
85
77
106
72
74
91
145
114
96
101
114
68
69
66
60
160
313
121
141
82
98
98
74
238
73
91
122
125
82
110
69
73
53
45
55
74
61
81
119
231
58
88
112
162
74
71
120
104
57
86
155
94
80
96
99
98
95
84
73
84
119
55
96
130
105
63
82
169
155
72
100
93
88
85
84
99
68
77
79
71
92
79
65
89
69
68
86
72
82
56
62
110
65
82
107
105
48
43
74
61
107
282
781
847
149
77
89
76
65
96
82
79
110
67
92
98
133
124
100
86
78
67
63
38
84
139
73
104
209
105
65
74
71
104
81
83
101
100
63
65
93
66
66
70
68
55
79
73
63
186
101
66
66
71
113
119
84
111
125
93
66
96
86
120
99
142
193
133
139
97
92
99
116
70
60
92
99
75
65
72
90
79
51
102
99
65
67
71
73
45
84
79
95
116
133
160
70
100
60
51
61
66
64
62
66
56
72
51
94
54
48
58
51
67
89
48
62
123
61
43
78
85
107
89
129
85
67
54
47
60
53
42
41
41
59
46
44
43
57
64
74
65
93
414
101
78
70
151
87
76
83
63
86
115
133
222
116
76
112
111
76
128
94
85
107
119
140
126
93
96
128
549
750
103
137
138
99
159
105
73
65
136
121
96
100
76
64
42
70
65
67
70
79
61
70
51
58
73
111
125
76
56
64
103
70
60
73
78
52
65
62
118
88
106
83
85
89
57
52
55
54
61
73
63
89
80
107
103
193
83
125
72
85
75
140
78
139
76
116
78
162
113
71
118
82
88
282
329
127
152
114
53
67
65
69
79
53
59
57
70
140
64
41
46
60
77
45
315
100
64
124
80
122
138
97
102
84
248
142
83
80
87
46
51
159
166
73
51
90
101
97
116
119
56
57
55
130
108
115
119
100
66
61
279
88
68
67
78
68
133
51
52
79
65
82
106
100
78
61
88
70
57
47
48
38
99
91
66
43
47
48
36
80
79
59
73
77
71
116
71
114
69
61
97
141
146
108
83
86
148
62
70
52
44
53
54
36
193
81
107
77
69
73
104
65
101
180
148
125
84
51
54
86
248
787
353
85
55
128
123
115
64
84
126
91
74
52
94
44
55
334
77
111
154
140
134
103
228
166
93
165
131
107
73
153
696
368
95
61
90
60
70
75
81
72
66
45
59
70
122
63
62
49
206
103
92
64
46
58
171
399
398
320
170
93
337
108
104
122
167
86
42
41
110
244
115
213
104
161
265
126
125
57
58
104
582
120
64
95
176
114
93
72
58
57
55
41
50
54
131
94
85
56
45
76
59
72
58
70
57
44
49
114
93
318
316
109
132
65
53
103
267
71
150
54
83
161
155
56
128
187
317
175
121
95
66
49
108
124
56
64
72
56
51
55
51
70
182
296
119
96
50
76
96
91
130
61
96
141
183
120
115
84
767
168
345
110
293
280
118
131
416
510
98
66
76
66
74
68
64
42
109
107
95
86
94
56
101
60
83
71
68
103
119
107
81
80
100
102
95
74
115
63
53
49
42
43
37
34
58
71
98
55
131
95
77
59
46
36
112
33
75
38
42
71
159
71
127
176
154
78
216
70
67
108
64
73
36
71
81
214
173
85
72
112
75
714
168
112
60
90
106
155
171
103
81
212
197
155
171
110
164
76
82
77
61
51
85
135
93
77
131
78
67
93
89
137
87
75
111
77
74
35
67
74
109
120
97
108
49
98
95
78
89
165
92
85
75
89
118
70
139
97
76
128
89
46
107
76
81
71
65
238
63
49
187
63
94
40
147
187
126
94
58
87
78
68
182
161
197
263
169
217
83
82
73
110
112
191
80
123
86
68
92
58
174
111
78
163
104
404
252
147
149
107
60
64
40
48
119
49
66
57
103
102
83
64
48
62
69
46
84
123
54
94
508
422
197
80
81
314
67
64
87
179
146
367
248
149
63
58
62
175
47
27
39
49
44
43
119
40
36
67
66
59
71
51
66
56
38
115
59
128
84
117
133
73
64
49
51
42
38
86
507
227
91
162
93
235
195
125
93
79
93
76
98
52
58
131
132
88
63
94
67
133
103
115
168
126
78
125
243
328
108
105
50
31
85
97
52
44
66
112
64
51
157
76
53
78
75
90
110
346
190
70
103
74
95
33
69
57
46
65
48
74
77
79
193
231
640
118
97
98
75
101
96
65
69
251
155
148
124
284
197
138
103
80
106
75
59
93
88
60
95
126
105
159
55
89
129
89
90
145
63
64
93
90
151
106
89
196
120
86
146
97
73
326
219
126
74
56
99
84
61
183
174
72
51
260
110
58
89
56
208
248
119
101
56
93
82
75
123
89
93
169
232
109
87
123
80
78
199
75
82
61
114
96
94
77
127
152
111
56
100
119
121
57
81
123
121
97
78
128
174
101
73
108
66
66
96
63
80
177
152
108
149
50
63
79
68
37
33
79
87
59
62
75
58
78
131
65
100
59
58
280
176
77
96
171
114
97
47
169
277
250
100
95
113
126
76
74
125
128
164
98
107
223
138
167
94
112
125
158
102
70
202
154
157
114
131
146
89
206
133
123
90
112
93
126
58
143
111
106
81
133
215
290
224
94
95
228
225
206
110
134
60
142
160
253
172
161
159
100
68
85
152
102
114
59
138
156
108
79
149
75
108
80
121
166
111
165
54
156
79
161
96
180
115
244
74
172
136
194
95
186
193
336
56
74
99
73
103
89
274
207
116
87
84
74
114
54
154
116
98
108
59
67
41
49
78
70
69
59
116
396
115
80
74
130
95
69
116
91
103
430
220
101
86
79
110
104
65
52
71
65
96
200
107
112
114
75
131
128
185
61
100
116
91
100
80
74
64
104
113
163
118
135
136
124
98
88
173
61
130
90
178
132
134
117
98
107
134
181
164
100
111
120
124
280
143
93
145
114
98
86
84
88
58
131
127
113
100
113
93
74
134
135
95
62
98
115
116
122
77
109
121
84
74
80
85
107
141
151
212
156
119
87
101
38
70
207
116
109
143
69
106
101
92
97
150
94
159
198
590
131
85
90
199
134
143
167
91
87
207
362
92
136
136
101
84
92
120
125
223
308
246
151
81
88
83
188
301
154
248
172
96
110
119
107
113
91
200
76
258
390
264
100
125
238
169
456
90
104
188
128
109
82
137
77
194
155
489
106
103
61
64
142
88
65
77
130
191
203
163
139
114
80
99
94
229
261
492
160
227
291
102
189
366
237
86
434
178
163
315
270
113
107
166
94
73
71
168
201
151
73
108
107
67
122
102
170
167
115
93
91
95
72
127
88
64
167
118
113
133
98
103
196
122
141
171
112
76
83
117
179
131
102
85
48
72
123
185
77
150
198
146
120
77
203
97
149
167
328
380
246
143
126
123
162
128
95
172
211
353
374
221
235
207
86
113
128
110
184
162
593
303
141
716
324
228
162
141
591
232
128
80
107
105
63
64
119
121
220
133
230
207
192
204
161
418
341
105
81
252
276
261
125
107
265
208
162
131
617
630
201
143
513
320
248
220
464
511
877
670
678
511
471
92
319
453
255
153
101
216
153
161
223
96
293
243
149
169
109
441
325
319
746
445
72
141
137
286
232
92
64
126
618
628
260
300
799
478
282
220
184
129
360
174
297
271
142
119
90
231
153
210
288
269
150
109
167
358
546
168
52
118
263
151
163
124
103
81
68
98
484
229
142
172
274
200
190
135
114
96
81
86
262
607
431
201
155
108
96
379
139
133
220
111
303
84
67
81
65
125
160
159
64
121
190
350
142
50
83
136
132
82
118
121
149
109
58
92
103
65
100
165
94
86
84
79
96
73
86
349
187
213
160
138
165
223
108
85
83
193
276
99
159
101
304
158
181
95
108
97
547
816
264
443
178
60
87
125
61
185
96
64
224
178
126
147
75
86
95
53
63
66
104
89
83
96
94
124
132
149
83
70
76
68
64
53
167
144
69
173
91
159
124
70
64
77
75
106
187
135
297
111
110
185
143
146
123
113
76
72
87
110
128
102
101
75
109
166
98
132
189
82
111
318
145
125
101
102
107
87
71
155
122
83
84
125
82
56
66
78
82
62
92
78
69
76
118
160
125
97
161
82
82
75
197
130
88
107
72
105
85
86
247
116
102
82
81
157
131
93
67
133
115
226
289
75
259
165
110
734
539
208
84
69
87
82
168
96
111
151
114
65
109
141
77
76
71
67
73
97
108
410
132
172
117
108
63
138
158
113
130
89
65
95
70
63
77
85
105
95
136
111
76
91
107
50
114
60
58
99
134
112
80
69
65
96
101
82
77
165
698
142
107
112
62
71
84
118
1139
110
71
72
112
81
82
59
75
77
110
63
98
766
364
110
138
139
69
92
110
88
109
126
121
174
314
293
117
114
138
110
92
104
62
169
95
82
68
87
63
69
50
82
88
99
88
73
112
77
62
78
76
78
75
88
67
86
90
62
102
112
111
129
154
145
68
98
80
112
97
66
56
45
200
128
89
77
77
95
79
59
82
86
474
358
191
98
109
81
75
46
49
80
65
89
85
77
149
95
126
166
170
105
110
118
72
96
144
267
157
285
250
152
116
437
305
225
177
565
307
108
58
86
70
65
109
128
98
93
83
71
76
58
67
52
87
69
67
57
59
87
192
61
108
106
188
650
349
64
77
72
91
111
152
75
85
73
84
104
107
100
111
87
88
659
128
81
94
99
123
109
591
265
71
134
91
93
151
177
60
90
198
129
107
79
55
101
129
105
117
90
99
113
87
119
99
135
102
105
115
121
128
95
107
86
87
73
100
105
98
93
74
75
55
260
78
61
93
136
71
123
