732
38
37
40
39
33
54
42
31
35
37
48
51
43
44
33
26
41
52
40
112
97
44
45
49
61
32
26
27
34
36
49
726
38
36
31
25
43
21
31
44
47
46
61
60
43
55
76
74
64
64
66
52
42
41
77
57
48
55
53
52
67
54
37
35
29
30
49
41
25
32
22
39
41
54
42
42
27
36
48
39
29
25
37
49
100
74
34
33
29
36
46
45
37
22
24
32
30
32
61
136
45
51
53
44
80
76
39
57
49
46
126
81
38
69
52
55
37
47
45
57
63
52
54
37
34
50
60
59
70
38
40
41
65
49
42
40
32
36
37
38
42
37
172
55
68
76
53
91
94
62
42
59
35
33
44
42
83
44
38
34
71
65
97
54
71
90
45
47
62
67
40
62
61
55
50
42
75
37
31
130
49
87
29
29
36
57
61
59
45
51
42
39
41
140
97
69
38
32
42
48
45
43
55
35
41
54
38
55
41
59
57
31
37
37
35
42
35
35
50
100
127
69
49
49
46
43
52
78
60
60
38
45
64
50
27
150
43
36
203
83
82
189
52
29
38
33
31
26
34
28
47
41
36
28
32
40
58
50
40
33
46
73
58
42
39
29
44
36
48
37
44
21
28
42
40
39
33
42
31
50
42
48
34
35
152
35
37
66
35
30
33
27
42
42
32
36
59
45
50
45
38
37
48
34
27
44
47
40
58
35
30
78
36
38
29
36
35
42
39
47
52
42
32
37
49
46
35
39
44
25
52
67
74
49
72
61
36
40
52
51
36
51
47
27
57
41
42
34
35
31
25
20
28
30
53
35
30
41
48
38
56
37
38
38
45
35
47
60
38
35
28
28
35
40
65
39
34
36
37
77
48
160
36
34
31
59
37
28
39
27
38
32
36
26
25
22
20
39
34
27
42
41
39
72
51
33
50
71
38
34
33
42
34
40
37
71
35
29
39
34
42
46
43
27
27
26
40
38
45
39
29
36
35
38
50
31
40
40
43
24
33
40
35
158
180
45
43
46
42
48
34
53
41
29
42
149
78
51
50
39
34
33
23
35
42
33
31
21
26
28
33
51
38
37
36
45
51
48
41
45
78
66
69
59
57
65
48
33
54
36
34
36
59
52
26
42
37
25
32
19
20
30
43
34
31
26
30
53
30
35
34
35
38
151
42
42
35
37
34
41
45
78
47
40
31
34
29
51
122
47
62
58
48
49
36
41
47
59
64
52
71
42
47
56
59
61
35
56
29
33
56
40
33
49
31
35
47
58
32
32
1808
38
80
39
23
28
52
110
334
186
45
858
370
206
142
83
89
280
276
94
84
38
37
27
42
42
23
35
54
62
56
41
28
73
87
49
31
41
45
35
37
45
69
43
38
44
40
36
37
40
39
53
36
26
43
33
33
42
41
39
42
47
41
53
29
142
36
32
39
43
50
37
41
46
48
45
38
40
40
34
31
27
32
43
42
46
37
53
48
59
54
95
58
43
36
33
38
44
57
57
23
45
57
45
21
30
36
51
47
42
53
54
47
38
40
41
25
30
51
60
54
67
52
30
44
32
31
51
46
36
35
28
31
31
33
36
39
40
35
32
30
27
119
107
33
32
34
39
84
35
43
47
36
32
37
38
31
34
34
25
28
30
36
53
67
70
51
65
69
48
38
83
37
49
49
47
51
39
37
49
44
39
36
27
30
31
57
63
71
41
35
45
45
33
36
64
27
35
58
37
47
30
52
27
22
27
30
29
35
70
59
51
36
27
36
34
31
25
31
27
26
40
31
41
37
33
41
26
23
32
156
34
26
32
38
40
33
23
23
66
36
24
28
44
29
32
29
28
28
33
33
46
57
21
47
63
45
42
34
34
38
30
47
31
34
33
35
26
17
16
27
30
42
33
53
51
43
58
30
28
30
27
38
33
33
36
31
38
35
28
33
30
19
25
34
32
59
39
54
60
54
46
36
32
25
46
29
35
40
29
49
42
31
34
31
31
36
42
25
25
52
38
62
36
32
45
58
37
53
50
40
29
25
33
43
43
40
44
38
42
43
42
42
46
26
26
39
37
35
23
30
38
39
22
145
34
33
26
31
25
26
26
33
28
34
50
39
43
36
49
20
28
27
26
44
39
40
50
71
38
26
24
33
34
42
44
25
42
32
24
29
32
31
33
33
50
36
42
26
25
24
30
53
16
17
21
24
21
21
29
30
52
72
42
388
282
71
33
49
35
33
63
72
30
39
41
45
38
80
35
48
33
40
48
38
41
40
73
100
57
52
35
48
47
92
45
43
41
45
48
35
47
44
30
48
32
34
28
22
28
24
24
24
39
39
20
22
22
27
25
28
25
25
28
31
35
27
28
29
21
25
24
35
46
42
29
27
31
25
27
22
23
28
26
25
33
35
25
38
45
39
44
33
30
34
35
39
32
32
27
25
51
49
51
67
51
19
45
52
32
28
29
22
16
25
23
41
24
20
24
24
31
32
25
20
26
28
17
70
49
29
46
31
25
54
51
45
24
47
66
27
23
26
24
17
31
60
37
35
43
37
31
34
32
38
27
21
32
42
34
55
51
35
25
29
30
29
36
30
24
28
18
21
25
23
40
29
29
25
28
31
22
28
20
21
18
53
50
27
24
23
23
33
35
42
31
29
29
23
36
42
31
25
29
30
44
52
59
27
32
53
37
38
32
24
26
26
22
45
44
30
41
35
51
84
32
31
68
60
70
44
26
28
84
40
153
66
71
29
54
36
36
36
21
59
48
27
24
17
24
20
14
61
29
67
129
76
47
86
82
77
58
64
67
59
77
56
48
44
32
38
39
25
84
93
66
29
25
18
15
42
36
44
22
61
59
68
17
19
21
18
25
29
70
70
51
59
51
73
90
47
69
57
18
41
95
54
36
53
47
75
67
36
22
29
44
42
45
28
20
43
38
32
25
29
29
24
20
18
28
29
23
30
20
17
29
13
18
25
25
30
16
33
23
40
39
40
58
42
38
32
26
43
41
29
22
26
23
49
52
24
51
65
52
24
39
49
30
40
35
59
27
22
22
27
23
25
27
52
42
33
22
26
30
29
33
40
39
37
45
56
67
47
29
31
60
35
45
44
65
76
53
41
38
51
40
31
48
24
31
28
28
31
48
202
67
49
41
55
37
29
43
52
42
42
36
39
45
35
36
44
30
37
54
34
34
32
33
43
28
20
28
23
53
23
37
39
40
32
24
24
30
31
21
71
28
48
79
42
35
46
69
71
127
41
40
33
34
32
30
34
31
28
32
39
45
30
32
24
61
73
45
23
38
45
35
78
46
50
33
72
47
33
89
38
32
69
29
25
26
72
53
33
35
29
31
36
38
38
54
40
31
49
33
21
24
23
22
31
67
44
25
33
67
42
28
31
102
31
32
41
46
43
30
26
24
38
42
65
32
29
35
32
36
39
55
35
30
45
38
29
20
28
44
49
37
21
22
27
28
24
47
47
46
48
38
53
16
18
17
41
34
37
41
35
33
24
42
83
47
34
56
38
77
78
53
49
34
25
30
24
22
32
22
22
27
30
35
29
19
20
23
27
30
33
32
30
38
107
115
60
34
35
40
26
28
35
56
51
208
91
50
34
32
26
28
18
30
25
22
22
25
28
18
21
28
31
22
29
25
25
20
19
26
28
34
35
30
28
24
26
23
32
24
16
32
106
53
53
40
29
67
70
38
45
57
144
29
30
24
26
47
44
33
30
32
30
46
45
51
37
32
32
50
72
77
41
38
21
22
26
31
45
31
33
44
30
22
37
42
31
26
37
36
58
53
46
32
37
30
54
36
39
32
28
25
26
26
28
33
42
34
101
50
40
33
20
32
32
34
32
54
47
47
30
127
49
41
38
38
36
30
22
39
39
40
36
38
44
85
35
32
47
59
41
56
40
36
43
34
45
57
27
57
55
47
40
53
29
67
67
45
34
23
35
27
32
48
44
30
25
34
30
25
25
22
31
28
37
31
25
28
34
29
48
26
36
64
41
41
44
31
30
32
49
39
26
29
34
34
36
35
42
38
31
21
26
34
30
27
25
33
70
34
26
36
36
46
54
42
33
26
27
37
25
39
43
42
46
23
31
30
35
25
19
24
37
59
30
25
45
31
49
57
50
27
35
58
74
41
47
41
53
31
34
30
53
60
49
43
50
51
36
33
50
66
60
38
35
45
43
42
50
37
43
41
32
38
43
39
34
34
42
57
39
41
50
56
38
74
33
68
35
37
36
36
37
42
48
59
55
43
45
51
67
64
50
33
24
33
41
26
31
51
40
40
33
30
42
35
45
29
58
47
40
22
41
39
55
36
42
63
41
59
25
34
48
42
46
40
42
50
39
47
44
37
37
41
58
52
27
29
42
34
39
33
76
63
46
49
38
78
67
54
47
46
39
55
30
23
21
20
37
26
26
32
34
61
47
35
40
42
42
31
36
51
25
49
51
42
29
75
41
36
33
26
27
31
39
39
47
42
31
37
42
44
45
41
34
34
92
33
42
33
34
83
77
42
41
47
49
59
55
39
35
36
35
44
42
32
53
45
45
47
37
39
57
54
48
45
28
47
60
39
40
40
32
39
40
31
27
40
56
46
41
35
31
42
37
36
39
35
33
48
52
38
32
38
47
30
27
25
40
23
43
47
49
52
52
40
32
30
51
73
75
55
35
37
39
50
49
44
48
50
37
79
91
100
41
43
39
51
46
32
41
35
30
107
44
36
26
39
37
34
33
35
540
152
119
102
77
48
56
49
75
56
92
81
63
47
50
35
43
46
55
51
46
94
93
48
50
77
67
119
92
55
71
36
58
59
47
107
62
56
99
99
58
53
50
35
43
40
35
62
322
86
66
68
57
40
39
32
34
73
99
81
88
64
69
77
70
89
53
56
69
72
55
77
70
31
48
45
26
25
43
43
45
29
40
29
36
41
39
40
40
50
57
44
28
33
38
30
34
43
87
46
44
57
27
40
38
26
47
47
31
27
49
47
46
44
38
32
20
34
53
40
49
88
107
64
50
43
65
54
54
59
81
47
91
59
43
35
56
26
32
54
91
68
48
32
45
128
35
31
50
54
38
93
111
81
70
60
63
62
56
82
26
34
57
48
30
43
29
27
36
39
54
57
66
70
79
78
153
113
60
41
49
88
100
86
64
69
59
78
50
56
116
101
73
130
88
63
55
58
160
143
113
111
162
64
42
79
96
104
113
69
75
54
39
60
56
69
66
46
43
36
102
90
67
122
96
46
57
60
46
81
32
38
23
61
120
68
61
113
91
125
63
73
136
87
54
41
95
38
51
37
82
101
53
69
60
50
57
47
54
120
75
29
44
91
77
68
29
31
37
32
39
95
68
35
256
160
249
68
81
43
63
50
33
93
59
52
78
42
60
68
86
66
39
33
55
86
77
32
46
35
84
91
78
44
79
46
75
133
40
35
37
35
29
37
220
38
38
29
40
47
33
22
30
31
58
36
29
25
33
29
59
66
46
46
40
33
52
49
38
31
27
55
54
37
50
50
77
70
78
46
42
38
69
58
91
65
62
34
31
37
44
46
38
39
56
38
42
26
31
30
31
18
23
36
39
33
25
28
47
57
51
48
29
33
36
18
27
28
34
33
28
38
42
43
48
28
28
31
42
37
43
52
53
49
32
232
111
37
366
116
32
25
28
43
51
45
37
27
31
43
39
49
39
31
33
28
35
32
32
31
24
27
32
42
44
38
31
31
29
24
21
29
43
33
35
30
22
33
33
51
34
34
36
45
43
73
90
42
40
36
38
32
32
26
49
47
35
37
39
43
40
31
26
36
49
50
106
24
93
70
39
36
79
72
34
47
39
90
43
38
39
43
46
34
36
45
34
31
28
38
25
31
48
74
55
43
49
32
35
107
158
57
54
37
37
42
28
28
36
29
35
46
43
53
46
24
39
34
39
32
53
70
83
50
33
30
43
41
37
37
72
37
40
53
47
40
25
31
36
155
135
35
52
50
40
32
38
31
33
31
54
44
64
46
65
56
43
42
36
50
50
42
39
63
40
52
76
35
35
47
42
36
34
36
37
45
36
44
30
30
32
30
33
41
47
33
39
39
41
39
30
41
29
31
32
29
37
34
43
31
34
31
37
32
49
57
32
25
40
38
38
26
31
28
75
50
43
40
34
47
37
28
29
40
31
32
40
37
29
29
31
30
23
36
34
27
31
44
73
56
51
40
61
49
46
53
30
43
47
54
70
38
67
69
74
43
58
65
69
87
60
26
26
30
34
24
43
35
30
31
29
35
32
30
22
26
32
30
26
26
140
889
31
507
359
118
42
40
37
29
30
28
36
34
43
38
40
44
35
27
31
36
40
29
30
31
30
31
50
47
34
96
262
81
37
41
33
44
54
44
27
51
56
61
84
28
31
31
44
46
38
59
33
39
37
47
29
37
42
40
49
36
37
43
37
31
33
28
40
33
36
32
37
35
40
124
32
28
40
40
38
