86
83
81
119
62
70
84
80
95
56
95
90
56
71
73
50
94
93
54
83
89
84
123
112
90
105
76
58
99
91
95
91
127
77
80
82
85
77
76
75
90
96
78
70
72
88
74
96
145
134
1245
257
105
80
46
75
139
118
138
168
146
68
103
75
75
78
69
58
93
44
66
50
82
89
107
66
59
74
97
73
74
116
83
79
101
193
77
75
45
38
67
65
82
49
45
55
66
59
69
36
75
130
81
106
64
431
88
123
129
135
44
57
481
495
123
86
63
82
138
102
99
113
85
61
96
77
96
182
137
124
80
54
152
161
79
76
64
72
94
76
67
83
52
101
122
119
93
88
357
130
90
65
97
55
75
79
75
141
77
78
319
85
123
101
98
300
72
67
67
33
56
56
141
93
78
53
50
90
43
198
154
158
105
123
98
1246
165
272
82
98
75
94
55
64
74
95
70
57
84
84
100
60
81
64
58
76
65
69
64
118
106
104
128
71
61
58
78
51
78
91
112
93
83
73
91
39
40
160
80
97
154
76
69
59
38
53
74
48
88
97
83
104
66
115
83
41
61
43
63
32
45
80
72
63
78
59
84
94
55
78
39
92
52
57
41
59
57
56
34
61
41
53
33
55
109
69
49
69
70
81
52
69
50
71
80
70
62
84
53
60
58
41
115
119
61
92
77
169
72
66
52
56
79
73
66
53
77
67
76
53
70
412
60
67
56
45
65
76
72
102
45
76
81
67
106
57
62
99
49
47
71
111
59
63
39
109
58
118
76
65
41
65
48
42
60
97
69
54
45
46
39
48
84
61
85
59
73
117
74
76
49
65
70
66
41
63
40
68
52
33
36
50
55
44
74
63
62
94
79
137
98
69
71
60
90
45
40
43
78
61
72
50
52
24
75
42
84
58
57
84
97
77
125
81
79
28
54
40
44
43
54
49
65
172
1071
111
58
67
65
60
78
80
80
52
49
47
72
47
80
47
73
66
73
54
54
78
79
67
44
48
72
30
68
57
78
54
55
63
69
62
67
56
67
84
59
154
95
49
55
69
58
47
53
66
66
43
45
48
56
35
61
58
75
70
85
57
52
53
74
46
101
49
61
79
57
52
30
30
43
51
72
46
59
62
74
81
106
66
72
36
70
49
41
39
62
90
60
67
61
65
54
94
61
81
67
78
88
64
66
72
64
93
64
61
41
111
74
64
81
96
57
78
88
50
89
67
41
77
91
62
75
922
230
93
40
82
54
63
58
83
54
63
42
79
59
81
49
59
52
89
46
59
48
62
51
73
39
77
72
62
59
53
246
491
181
94
112
105
57
85
86
91
45
38
59
470
414
75
58
45
116
65
35
71
69
60
41
73
55
62
73
81
56
90
60
67
65
72
83
96
54
48
60
52
63
64
68
82
82
89
72
61
60
83
61
65
68
85
79
57
57
81
64
61
51
68
51
58
44
64
92
74
57
68
69
147
102
56
186
96
90
57
29
68
62
66
77
52
50
128
58
59
138
144
101
60
42
65
58
100
105
75
69
61
99
81
80
152
120
71
59
78
42
68
87
47
77
59
72
58
82
53
60
429
64
77
70
49
74
87
60
30
68
33
56
52
86
43
67
44
48
66
59
73
65
37
46
54
59
50
82
52
81
74
37
75
44
57
65
66
59
70
67
66
83
83
79
51
48
37
42
40
91
77
60
77
65
49
52
46
54
53
47
82
95
71
81
43
40
47
39
42
45
46
75
90
84
61
48
72
49
37
45
44
95
48
48
77
72
53
93
75
68
40
75
45
74
61
61
58
64
97
90
36
73
155
58
66
71
41
60
56
74
36
53
53
41
84
56
43
54
39
52
53
51
35
53
31
71
58
62
42
87
25
42
42
58
57
61
47
53
113
73
67
51
54
86
92
41
91
66
43
48
86
76
100
58
48
55
62
34
42
90
67
66
113
64
65
43
56
68
72
37
67
64
55
27
59
67
43
35
68
27
64
50
48
68
88
106
50
61
85
69
63
60
81
62
65
78
56
68
71
109
108
109
99
62
54
49
54
47
57
60
45
58
45
77
57
58
57
79
85
46
53
26
54
43
86
48
62
75
174
90
95
52
56
34
52
23
59
55
51
32
38
67
47
42
43
38
40
47
54
39
70
44
41
29
39
38
53
75
136
45
40
26
48
19
46
25
48
35
26
31
40
41
31
59
35
33
84
223
72
69
49
155
44
66
48
62
119
108
87
95
89
58
82
58
88
78
53
69
72
135
206
75
121
72
305
1092
67
88
97
72
85
78
57
107
120
83
61
94
56
48
40
36
49
39
46
63
50
51
35
54
58
66
83
42
41
72
64
69
40
69
44
33
38
39
62
76
64
54
76
44
33
52
67
55
54
56
50
59
49
75
73
75
73
67
64
73
60
105
87
67
55
68
49
103
93
68
94
72
87
237
149
73
114
58
55
43
49
61
65
59
34
31
34
68
42
35
68
50
37
51
76
48
41
55
36
82
69
55
72
40
149
105
90
64
72
53
59
102
109
62
67
111
59
73
83
67
53
89
54
84
121
80
122
75
43
59
66
77
81
116
77
57
85
60
57
50
48
68
119
143
62
47
76
50
40
57
39
34
151
92
51
32
46
48
35
75
73
59
61
36
59
148
65
54
64
49
80
120
55
70
44
39
106
61
43
58
62
46
30
38
45
55
69
51
37
188
82
51
95
75
144
73
52
24
49
179
983
126
200
66
88
94
47
58
49
99
36
72
58
58
58
32
27
109
40
59
94
92
68
62
223
220
124
81
110
74
135
983
97
209
60
76
68
65
60
94
44
64
49
52
52
112
43
51
39
87
122
64
46
43
29
61
674
276
74
80
67
106
83
72
71
71
131
60
44
45
110
61
73
70
63
103
104
70
50
54
50
825
97
24
69
95
73
49
40
48
33
63
41
59
58
86
64
34
27
46
41
30
52
35
42
43
50
44
87
56
86
170
65
89
44
76
76
83
63
73
40
63
55
59
41
91
99
67
68
58
40
63
31
71
141
41
78
62
44
55
42
66
92
88
201
65
64
50
48
92
65
87
73
90
116
137
70
58
50
1104
75
195
65
222
182
75
115
974
414
99
67
61
53
69
60
49
58
72
61
80
75
76
34
93
75
68
48
67
89
90
100
46
61
65
60
133
55
116
50
53
46
62
33
73
28
66
43
76
28
88
60
53
42
44
42
58
34
49
52
79
95
171
64
73
63
141
168
109
94
103
30
57
24
55
46
101
136
98
54
60
34
66
1086
92
56
58
90
106
91
162
58
98
99
131
136
82
77
74
61
57
79
45
107
120
53
56
85
48
129
104
123
85
78
77
57
87
52
35
41
59
47
67
72
70
59
60
54
91
35
42
86
98
80
68
75
62
60
31
69
53
90
36
43
57
65
52
83
40
122
48
52
57
44
78
30
133
76
102
51
45
64
55
55
66
68
115
104
74
93
82
40
71
65
89
61
61
109
77
48
55
93
91
85
84
114
108
166
146
139
97
75
50
59
40
110
69
48
60
54
95
62
58
46
42
95
55
60
68
62
68
456
163
358
84
115
66
50
33
85
54
119
544
199
121
48
66
82
62
43
47
34
31
35
44
100
38
44
55
45
60
71
38
26
35
37
80
33
71
76
109
74
77
50
40
44
35
33
157
232
226
86
92
119
111
155
91
49
104
69
73
47
46
105
107
69
67
71
53
50
56
88
104
117
122
58
82
135
67
125
64
38
33
64
69
34
54
61
76
45
40
49
59
53
46
36
82
68
86
43
83
77
76
47
37
42
60
38
57
46
60
74
69
60
580
84
76
78
44
41
64
36
36
75
88
90
115
147
155
102
83
65
69
49
45
49
48
48
44
86
159
359
306
228
151
52
65
62
56
33
68
57
61
84
65
68
119
84
66
92
42
133
118
100
71
36
58
68
71
123
89
64
52
57
71
57
56
61
78
65
83
95
54
73
70
63
63
77
81
132
99
73
72
62
42
64
171
60
41
52
72
61
62
49
88
79
73
50
84
83
92
56
56
98
118
67
53
103
90
129
72
77
52
67
95
82
66
96
123
73
66
49
57
82
65
29
42
41
73
63
81
67
64
69
75
46
64
70
96
162
132
74
112
95
108
64
60
72
181
153
95
92
81
97
62
65
92
70
105
48
106
76
58
70
77
92
57
89
87
79
79
93
93
78
69
89
50
228
98
58
59
84
146
67
82
81
58
81
100
62
333
135
110
59
65
115
94
76
93
54
152
139
344
232
116
146
90
48
73
76
52
39
33
82
112
86
50
100
45
71
54
68
117
64
156
36
65
58
59
97
62
45
202
45
166
58
94
51
321
138
397
55
77
62
65
80
118
141
129
66
61
61
114
101
67
153
69
55
99
53
65
41
68
72
35
63
102
112
187
73
81
74
130
67
58
98
123
106
146
142
133
58
96
95
72
59
45
69
75
123
86
101
63
61
83
78
135
64
73
88
61
153
118
76
59
75
95
99
114
88
147
125
81
97
90
89
57
100
128
79
89
84
145
62
72
104
142
106
91
128
82
104
241
119
86
119
90
82
83
93
74
53
112
107
96
93
117
70
71
125
83
76
63
78
96
61
97
109
87
62
65
70
62
55
83
89
78
91
136
64
87
57
44
102
139
108
115
70
60
95
114
78
105
106
52
170
302
206
87
92
82
141
104
133
99
53
74
313
192
76
109
96
56
61
39
63
186
276
227
75
85
78
93
59
237
162
157
291
168
44
112
67
151
88
111
60
1405
246
146
114
84
95
184
94
309
64
123
151
180
81
61
81
66
69
213
401
87
93
65
57
67
50
56
82
179
114
168
73
55
62
83
40
60
80
249
290
119
156
158
86
102
227
161
114
108
222
160
172
161
80
60
149
60
85
124
153
100
141
83
76
54
81
73
86
120
115
92
77
77
47
70
68
92
49
112
98
76
69
69
78
118
73
73
91
61
60
111
120
90
119
56
60
64
75
119
85
80
85
120
95
50
79
99
72
131
80
114
123
93
74
93
74
140
133
76
168
205
155
100
157
159
78
63
110
116
107
117
328
259
65
1317
196
131
99
82
180
967
98
71
64
91
187
82
54
100
96
92
138
112
152
114
143
307
191
89
89
85
211
171
97
87
131
169
98
95
342
538
191
153
378
158
200
120
63
293
144
254
218
213
219
68
184
280
131
112
61
131
133
91
122
75
114
159
193
104
89
284
222
105
550
248
61
74
173
149
154
140
65
79
194
502
216
146
1098
231
173
238
134
121
325
101
77
349
83
92
67
174
145
119
218
128
173
110
92
321
349
81
48
79
221
174
100
93
60
125
51
80
485
85
57
214
239
165
137
60
93
67
54
80
1073
166
356
113
61
118
68
270
69
72
133
105
221
135
90
83
63
146
64
161
51
120
258
195
34
41
44
91
101
73
186
76
76
72
33
92
63
23
55
99
63
37
50
29
58
45
85
170
95
87
68
99
157
147
95
60
38
139
77
85
103
75
72
110
102
81
64
99
778
628
116
159
68
54
91
85
58
100
79
74
167
115
80
85
50
53
54
37
64
59
68
41
74
71
56
113
100
110
73
57
36
62
39
69
107
80
41
77
72
117
83
55
47
46
49
81
84
98
91
100
48
124
71
104
90
76
46
67
75
126
82
62
49
46
55
59
76
102
147
64
75
487
74
79
77
55
87
80
74
64
90
51
68
58
55
60
75
56
79
59
55
56
42
94
53
81
62
49
100
64
51
92
100
99
54
77
90
60
71
97
63
59
91
83
89
74
102
62
62
81
153
82
45
68
120
72
1090
213
108
52
45
106
127
64
98
104
66
79
67
72
79
42
50
47
72
56
59
68
104
88
100
85
79
62
71
115
62
108
88
98
70
64
56
88
115
87
77
74
72
94
41
64
47
76
62
70
73
130
100
65
57
47
86
50
41
49
134
1052
76
109
65
52
49
66
91
596
87
53
57
86
50
49
43
69
58
88
54
185
892
224
83
78
73
43
72
91
57
40
92
58
74
120
62
48
53
80
73
75
69
73
85
79
75
48
61
64
59
42
83
100
60
75
60
88
56
67
56
67
42
59
49
81
59
51
63
79
80
81
89
77
48
55
66
68
39
42
45
58
90
81
62
61
58
75
63
52
44
93
221
885
186
78
67
54
46
33
31
61
80
65
58
63
61
107
84
105
70
98
77
104
60
60
59
111
73
57
68
65
70
53
77
84
74
74
400
91
52
66
45
68
64
86
64
72
63
55
48
35
48
41
72
85
36
37
42
299
109
100
167
108
91
1004
204
68
46
35
50
91
88
64
65
52
64
68
36
57
62
54
48
956
104
67
71
64
85
79
308
159
80
91
63
87
74
87
48
130
118
110
75
46
52
102
76
87
79
63
55
89
67
97
58
95
74
77
61
63
83
116
79
60
65
63
78
48
58
53
93
63
54
224
58
44
41
88
49
64
