40
36
43
56
55
31
26
28
29
28
39
46
40
54
39
35
22
25
36
36
37
37
31
24
43
45
34
33
22
26
28
33
48
24
34
29
18
28
26
31
34
49
46
34
44
44
33
31
46
42
68
50
50
54
34
49
54
43
33
33
36
53
53
31
34
56
40
31
41
33
25
41
47
46
41
32
32
45
20
28
23
37
51
92
28
77
48
47
32
42
40
32
23
32
30
38
30
20
30
42
51
56
47
94
86
54
58
60
46
36
39
46
48
57
38
44
40
58
59
54
37
44
28
32
69
61
64
52
34
43
70
44
66
53
37
37
42
38
39
32
45
50
86
65
66
119
54
110
55
73
36
44
39
47
63
57
33
73
43
101
82
41
103
77
34
73
47
21
37
47
41
55
40
48
45
34
81
93
58
48
30
35
54
63
44
63
41
46
50
34
66
48
57
54
26
45
45
44
33
39
37
35
56
41
41
44
55
45
44
32
25
40
31
35
25
59
58
89
56
47
42
30
44
51
43
53
36
35
43
53
36
31
37
36
51
67
70
60
68
68
44
60
31
25
35
37
38
39
30
48
30
26
25
43
48
22
41
33
50
22
30
23
29
23
30
30
34
27
23
38
41
26
45
37
42
40
46
37
47
35
41
33
58
35
27
32
26
29
32
32
23
48
45
59
32
35
46
33
35
28
49
24
36
49
48
25
49
39
22
37
38
37
41
26
27
43
31
32
34
30
51
31
36
41
44
40
66
46
27
29
47
43
43
26
40
27
27
26
39
34
34
38
34
36
18
17
18
40
37
34
35
39
34
39
56
37
27
36
26
41
32
50
42
35
26
22
29
35
42
31
39
32
40
59
41
46
36
33
40
39
27
40
29
35
34
33
33
27
23
26
32
30
26
38
39
46
39
27
29
30
22
23
30
26
21
37
23
37
34
28
32
63
33
44
38
44
37
29
29
38
42
34
30
26
32
32
32
30
50
45
27
28
37
35
158
148
42
30
46
39
46
32
37
45
37
41
32
74
58
54
49
50
30
23
28
44
41
31
30
21
28
26
39
36
31
35
46
37
34
33
48
33
41
39
43
48
36
42
35
28
37
29
55
50
28
29
36
24
32
33
24
41
26
43
27
26
23
29
37
31
31
45
32
29
30
26
44
36
30
50
83
39
44
21
35
25
54
147
129
54
43
48
32
42
32
36
36
50
50
43
31
36
47
36
55
35
29
35
40
35
32
35
45
34
34
45
44
35
39
250
26
54
37
31
22
21
27
97
182
53
49
44
43
27
52
70
59
63
44
29
30
46
38
36
25
20
37
150
47
30
38
35
29
30
40
33
25
33
51
48
51
39
34
27
47
36
42
48
51
28
39
33
27
42
27
48
42
42
49
45
37
40
38
43
35
43
37
36
32
29
46
32
42
36
38
24
32
31
52
40
43
43
44
30
40
44
56
22
45
34
33
29
38
27
41
31
31
44
20
39
39
54
45
56
35
41
55
48
49
38
25
32
45
50
57
56
39
47
47
29
37
43
46
45
35
38
34
25
23
34
40
144
25
25
33
28
42
45
32
31
27
35
25
43
35
39
39
38
42
34
34
35
34
30
36
32
39
53
41
31
41
25
39
35
37
26
37
37
35
36
46
25
34
65
39
52
32
34
33
27
48
56
37
40
50
43
27
33
29
26
25
46
32
31
37
20
21
24
24
24
27
39
38
42
61
52
26
28
23
28
23
28
55
34
33
40
30
34
44
30
37
33
37
33
35
34
31
33
40
33
35
25
28
32
33
27
35
34
21
26
28
22
19
20
13
29
19
30
31
35
33
21
23
25
22
21
34
24
15
17
20
22
39
37
43
46
51
47
37
32
33
25
26
30
31
34
20
30
35
27
38
32
19
31
28
28
52
44
56
53
44
52
48
35
27
24
38
22
17
39
37
26
40
40
21
24
43
26
39
35
33
40
55
28
27
33
46
49
51
51
50
28
26
43
50
44
38
34
49
43
40
30
34
23
26
35
10
40
28
33
26
23
21
29
32
29
21
17
31
23
29
24
30
32
31
39
35
31
23
17
24
18
21
22
23
25
23
35
18
27
24
12
23
25
24
22
31
26
18
23
29
26
25
23
30
32
50
49
24
25
347
2275
554
15
16
21
27
25
26
47
31
39
20
89
176
59
119
68
38
24
42
30
37
40
30
40
27
45
40
40
21
37
42
37
36
32
70
52
51
31
40
45
73
89
50
39
39
53
27
45
39
30
46
38
36
28
13
25
23
15
27
312
1062
392
22
137
58
27
115
20
25
28
28
27
27
29
32
18
22
22
33
20
32
34
37
32
25
24
21
19
27
34
30
42
30
29
26
26
35
20
21
24
25
26
34
26
27
22
35
60
74
73
42
42
55
40
31
45
34
18
22
25
26
41
29
40
19
28
27
19
39
27
22
19
45
47
77
23
29
40
99
49
41
50
37
43
28
33
25
24
32
46
45
47
46
28
32
35
28
28
40
24
27
43
29
40
37
32
29
41
35
31
48
37
22
28
33
23
20
29
34
64
25
26
28
27
23
20
17
27
29
33
35
26
21
25
30
29
33
25
22
26
38
74
46
28
23
35
32
37
60
51
37
46
40
33
40
23
30
39
24
20
39
45
33
37
32
88
54
47
38
66
93
34
18
103
109
92
151
82
100
56
47
44
35
31
39
59
47
30
23
28
14
26
32
31
50
68
73
60
72
63
123
97
69
46
63
72
63
132
116
38
36
37
27
146
44
36
37
20
18
17
41
17
21
31
70
65
86
22
18
16
33
14
32
50
60
53
86
63
65
65
71
72
26
18
43
58
40
47
40
49
76
60
46
24
22
22
102
133
32
35
45
33
30
24
38
30
13
19
31
28
24
26
22
26
25
20
23
18
23
25
33
40
25
38
39
37
42
42
31
25
46
48
51
20
22
20
53
46
82
45
82
38
39
38
45
37
43
37
48
47
33
22
28
25
23
21
41
69
102
20
40
30
27
42
45
55
47
52
47
57
32
28
51
127
113
35
52
63
66
48
44
62
142
42
40
26
28
26
23
29
42
51
47
38
39
36
34
25
42
45
35
38
45
43
53
35
27
31
41
40
48
28
32
23
27
38
21
31
24
32
42
24
43
34
37
29
21
20
24
18
24
29
29
25
34
43
38
39
95
84
40
40
45
35
39
30
26
28
55
87
62
41
27
29
17
147
59
22
38
38
51
88
55
45
65
48
39
38
48
53
37
40
35
24
21
28
22
58
32
45
22
35
29
27
54
31
36
50
33
17
24
21
22
30
53
35
33
29
30
39
33
22
53
69
43
28
35
31
25
33
29
41
42
29
17
26
24
32
49
44
34
31
19
21
22
21
23
40
31
29
28
48
31
36
43
30
42
44
69
40
13
14
36
22
21
53
38
37
25
27
58
64
48
34
63
69
68
62
53
48
31
29
29
56
29
24
28
27
30
26
18
20
16
25
31
21
20
31
37
36
135
133
47
38
22
27
20
33
44
70
295
57
56
26
16
29
20
23
22
15
13
19
12
18
16
21
24
24
23
23
24
21
23
18
28
28
24
40
47
39
17
24
41
27
14
22
64
65
45
71
35
56
70
56
38
27
23
30
22
21
33
41
29
32
29
22
31
46
40
50
69
23
47
46
47
83
65
29
24
23
26
37
22
24
32
40
25
24
39
32
40
29
24
39
41
40
33
27
33
38
31
24
29
25
20
25
20
33
25
42
88
101
51
37
30
28
25
34
29
34
26
41
44
77
58
39
41
45
38
33
29
27
31
36
30
34
37
56
39
29
34
48
49
61
46
40
30
28
57
39
41
37
70
52
24
63
20
39
78
58
43
42
25
36
26
27
26
24
19
23
22
33
22
26
29
21
52
22
41
27
33
47
51
31
39
37
52
41
36
27
29
40
40
18
30
35
31
34
41
38
36
31
25
24
30
36
29
26
37
42
35
34
39
32
47
43
34
33
29
41
40
25
45
41
42
25
19
32
36
30
25
24
30
35
38
40
33
46
25
89
75
58
54
55
126
59
34
24
74
70
42
20
55
116
43
32
40
74
34
35
90
62
30
35
51
42
47
47
44
37
30
24
27
29
36
37
44
40
43
60
47
38
41
35
51
39
31
36
33
36
25
39
33
35
90
36
42
40
73
57
61
51
34
42
34
33
24
41
46
53
26
35
45
24
42
26
39
39
26
21
39
29
49
53
43
58
65
43
38
42
37
40
68
40
48
41
63
65
67
127
56
68
39
33
36
33
45
27
46
72
58
38
39
34
35
45
49
33
46
48
27
25
22
21
36
26
33
19
33
50
34
31
34
41
37
28
32
41
24
25
32
39
48
59
40
24
32
26
20
34
30
54
44
33
35
32
37
43
36
27
35
53
38
38
33
45
66
70
32
62
33
84
64
44
47
43
37
61
38
52
53
72
42
43
45
29
48
46
44
44
40
44
51
51
33
41
46
35
33
31
33
41
47
48
47
46
29
45
39
39
30
30
34
54
41
35
38
49
46
36
24
31
43
26
51
27
40
47
39
32
39
47
51
60
41
46
43
38
56
44
35
55
53
45
64
60
53
45
41
33
43
45
38
53
33
32
76
63
57
79
120
26
43
41
133
58
76
76
44
36
39
45
46
48
63
65
39
40
37
46
46
28
56
54
47
100
77
40
43
30
96
105
60
44
35
48
46
36
30
33
37
70
53
83
61
39
29
49
31
33
33
57
69
43
56
50
41
36
33
42
55
98
97
93
42
103
81
68
49
87
57
70
56
75
67
45
70
41
51
44
28
30
38
52
84
43
46
43
47
38
34
34
90
34
39
24
19
27
29
55
61
37
53
39
38
33
33
41
37
38
29
30
34
52
44
34
36
37
34
57
41
59
58
56
57
45
56
47
34
54
76
49
96
56
37
30
33
27
30
52
87
54
67
37
111
47
30
29
33
36
114
98
105
80
58
65
68
57
58
27
141
42
35
36
53
37
41
38
44
38
54
67
48
61
53
145
80
49
51
50
60
93
79
61
50
59
85
66
128
121
110
70
121
77
68
48
47
118
120
91
71
123
63
70
96
85
106
67
56
62
36
56
53
61
62
93
68
52
73
133
113
151
109
59
52
36
40
103
82
42
34
119
117
138
202
135
173
77
74
101
50
53
125
87
80
46
38
76
98
63
46
44
43
58
55
105
145
94
48
63
97
73
30
25
31
37
39
85
115
111
516
184
213
74
95
43
47
34
43
110
114
170
178
66
60
91
93
64
42
39
51
79
93
59
47
28
103
85
70
40
72
118
108
48
32
30
30
24
36
42
49
45
32
22
34
42
25
20
24
49
36
24
27
33
24
38
40
60
50
42
43
41
52
49
40
30
44
61
62
53
45
64
82
72
50
38
35
87
101
79
69
44
16
35
29
32
42
44
26
53
41
21
28
34
29
32
19
38
43
28
26
28
33
49
48
52
32
32
37
24
25
15
24
26
36
35
39
43
42
27
31
29
42
29
48
46
50
53
41
354
31
342
259
42
42
20
37
47
36
37
25
26
28
21
42
57
56
38
42
47
22
34
43
29
32
30
32
58
47
26
30
28
25
21
35
31
34
34
23
35
40
38
51
29
28
42
40
46
32
38
37
32
35
39
27
32
38
42
31
33
34
15
31
34
31
29
43
58
52
23
28
68
30
120
115
76
28
52
30
84
48
82
32
33
38
39
33
47
43
45
38
43
22
49
65
81
68
43
50
36
88
163
55
50
54
41
44
39
39
31
34
26
38
36
49
51
43
36
31
38
32
50
51
66
45
40
33
36
34
32
31
74
53
62
57
66
57
46
28
35
56
64
66
53
38
40
31
40
28
28
41
34
50
39
60
69
77
41
44
55
51
44
38
61
36
34
60
44
32
40
38
35
37
40
36
41
39
32
42
30
33
29
28
70
39
29
31
35
23
19
30
29
22
27
30
37
36
29
24
37
26
32
28
37
34
25
30
41
33
25
30
28
36
53
35
35
41
46
69
30
36
30
45
35
27
33
28
32
31
19
33
32
31
29
36
59
42
50
47
61
54
56
44
43
48
38
35
31
29
32
35
25
29
41
25
72
77
29
24
34
51
26
26
37
31
29
25
30
27
28
22
29
29
31
27
23
602
607
91
558
399
31
31
45
52
51
34
33
27
74
35
43
36
32
34
29
35
33
28
39
42
110
73
47
40
41
174
115
64
40
29
30
49
38
34
43
49
53
54
30
32
28
36
31
49
37
40
39
42
27
31
47
47
44
32
32
30
31
22
33
27
29
27
21
30
35
27
40
108
36
30
31
38
35
