54
42
51
67
44
39
47
43
41
38
52
38
50
40
47
45
38
46
49
38
40
43
62
59
66
54
34
30
41
34
39
49
56
38
47
42
34
37
38
42
55
45
45
46
45
39
37
64
62
56
91
48
44
32
38
49
49
61
59
58
65
64
53
45
37
48
36
43
28
34
32
38
49
52
36
39
32
30
33
37
44
32
44
78
112
55
39
41
29
43
47
51
23
25
37
31
27
30
340
43
54
118
100
63
66
81
135
119
887
281
95
117
114
48
44
48
48
82
90
52
37
36
66
72
65
59
36
39
49
81
61
52
44
35
43
40
39
53
43
56
50
68
143
78
63
126
82
70
69
55
36
46
49
81
85
35
94
81
70
108
47
120
73
62
41
34
29
55
81
61
51
47
38
44
33
180
94
112
75
49
35
35
57
64
40
53
41
37
35
53
35
89
31
29
35
46
50
77
56
36
98
51
37
78
53
53
64
30
32
31
34
31
28
32
57
77
88
63
49
36
42
42
33
682
643
41
30
38
43
26
29
36
42
83
80
76
80
63
74
49
33
24
35
32
34
39
54
39
30
43
35
40
41
39
30
25
35
38
31
29
34
34
26
37
30
29
20
24
57
19
46
29
36
53
46
38
26
38
37
37
36
66
38
29
33
27
32
72
25
28
41
41
35
34
41
39
34
42
178
31
28
30
35
46
35
103
39
31
35
29
41
39
40
53
42
41
34
37
53
41
29
38
27
35
49
64
36
19
30
38
35
40
28
31
30
39
33
29
37
65
41
44
37
26
19
27
38
49
41
27
46
45
46
53
39
46
39
33
35
34
127
45
32
23
17
27
35
89
29
33
35
41
60
35
33
37
34
40
35
24
28
27
32
30
35
22
30
19
23
38
31
42
42
40
36
54
39
29
15
26
26
32
30
29
39
25
65
100
35
27
35
33
30
49
47
32
35
28
36
41
50
37
34
32
33
43
34
27
48
51
36
31
32
37
55
177
146
39
34
56
45
48
58
51
37
40
39
55
46
60
54
35
34
28
40
52
47
19
35
38
37
33
44
37
39
36
54
43
41
35
25
42
52
41
62
55
46
32
31
29
29
25
38
38
37
42
38
39
41
34
27
30
48
39
27
21
35
43
33
37
44
43
33
32
46
37
40
31
41
43
41
38
54
39
30
34
49
67
38
63
53
61
40
43
38
43
45
51
32
58
43
38
40
130
86
34
29
32
30
44
42
32
34
30
38
50
33
41
38
34
41
41
39
25
35
33
38
25
20
35
88
40
65
40
261
67
54
50
57
58
46
44
60
46
30
34
96
303
54
42
35
48
38
33
89
33
30
33
36
54
42
38
33
40
35
44
43
40
51
28
36
31
41
24
37
37
41
46
40
52
43
30
35
40
26
36
48
36
37
31
47
39
44
45
42
45
35
35
40
58
49
45
41
25
34
47
36
68
52
40
31
28
33
30
39
32
30
39
48
44
23
23
37
32
28
42
38
39
41
50
43
31
21
40
61
73
86
42
42
39
48
31
40
44
26
27
32
43
37
38
37
35
219
35
38
36
28
48
49
37
30
32
34
42
41
35
39
40
30
28
32
39
35
38
34
30
40
34
47
61
57
50
38
30
31
31
40
43
46
36
33
43
38
34
43
46
40
37
33
32
35
65
135
47
34
42
31
33
31
111
30
34
53
41
35
75
28
46
27
35
32
49
71
60
45
27
25
24
27
25
31
27
26
35
53
25
41
35
37
43
33
38
34
43
44
26
35
40
36
36
27
80
48
32
33
46
32
34
32
30
20
24
23
32
26
39
23
24
35
32
33
27
36
20
32
31
42
30
27
23
20
34
40
35
41
40
40
59
81
38
31
30
33
36
31
34
32
39
45
31
38
39
40
23
30
29
33
60
48
43
58
54
42
34
31
38
45
31
34
41
31
28
38
42
28
24
31
25
35
33
40
54
39
40
26
28
50
53
50
54
55
32
32
36
39
39
49
43
41
48
45
44
43
38
38
19
35
43
38
24
27
33
32
26
32
45
25
28
23
28
27
25
33
35
72
90
178
53
33
22
23
26
49
22
27
24
30
33
32
24
22
25
27
27
26
23
36
32
34
28
28
26
36
35
74
39
45
41
25
21
30
18906
15
23
24
16
25
20
27
64
34
65
71
44
52
31
44
35
28
43
29
34
47
37
48
46
37
42
40
35
48
42
42
36
43
55
40
32
39
36
146
97
51
58
52
43
50
39
43
44
50
32
44
27
36
25
23
30
20
28
31
15822
3091
21
20
25
29
39
25
23
31
29
32
34
30
26
23
26
26
25
48
37
31
35
28
30
25
26
28
35
30
21
41
33
40
37
34
58
37
26
34
36
31
28
32
31
36
51
51
62
89
39
21
57
65
42
34
31
22
22
24
32
39
33
21
22
21
45
21
22
21
22
22
22
34
37
39
77
20
46
31
33
25
33
105
43
37
42
28
30
34
70
41
35
46
32
33
47
41
31
33
23
36
55
42
71
53
34
36
77
36
29
94
152
29
37
29
25
28
32
33
90
38
32
166
18
26
25
25
21
83
73
25
28
30
23
21
43
26
30
31
28
73
60
98
31
39
30
39
56
34
35
31
39
62
33
34
29
39
41
28
22
53
47
62
32
31
90
32
72
42
67
68
35
29
121
97
151
66
46
34
58
43
39
46
35
52
39
34
30
23
27
22
34
29
29
44
38
62
47
91
77
82
46
49
54
43
46
36
39
34
26
35
28
34
124
49
27
27
16
19
68
35
45
21
50
45
35
21
23
20
23
23
40
30
36
32
92
106
122
39
46
29
22
24
102
52
41
42
48
77
60
39
31
27
27
33
20
19
44
32
30
31
27
28
25
18
21
28
33
26
34
24
20
22
25
23
30
25
30
20
38
37
36
43
242
46
37
22
31
154
36
90
29
26
31
53
26
42
58
36
36
31
29
33
26
43
67
24
45
27
26
26
25
31
58
51
34
23
29
55
37
44
55
56
38
37
50
62
42
39
64
39
47
44
59
95
79
41
47
46
43
37
42
28
33
30
28
28
34
54
47
50
55
44
43
33
31
36
38
41
49
50
48
39
39
37
41
35
60
41
35
23
27
22
22
28
32
25
50
25
48
32
30
34
17
32
23
16
26
27
26
41
56
48
59
52
73
55
52
40
46
33
41
36
27
28
33
25
40
36
28
25
25
49
33
29
16
45
40
33
72
40
52
84
64
49
28
33
30
40
44
28
29
32
59
90
42
33
36
41
50
45
55
35
56
38
26
22
23
26
32
27
41
31
33
30
47
35
21
28
36
36
33
32
38
27
25
33
29
48
33
21
31
29
32
43
39
82
36
33
50
19
32
30
47
44
54
43
29
25
20
30
50
41
61
51
41
57
36
12
21
26
44
33
42
42
36
28
43
88
49
39
58
47
192
159
63
56
33
34
36
22
39
41
28
24
27
39
41
28
28
17
31
29
34
29
43
44
141
138
126
60
60
141
26
65
40
42
79
255
97
67
31
31
29
64
28
30
18
23
28
27
36
26
51
31
37
27
30
34
28
26
23
50
33
48
55
35
39
42
26
20
28
24
43
143
132
75
63
51
78
72
68
44
32
40
42
30
26
19
40
44
43
34
38
30
32
40
44
41
33
29
38
82
60
37
51
29
24
36
44
31
28
41
45
25
24
33
26
46
91
46
44
157
94
38
40
41
32
29
30
25
25
28
21
40
37
31
123
190
36
35
47
26
28
28
33
28
58
56
41
44
44
79
41
47
31
30
34
29
33
48
280
30
35
69
57
48
40
46
87
42
36
31
35
32
46
52
31
58
42
35
67
32
93
91
49
44
61
36
35
33
53
58
30
17
66
45
28
30
30
67
27
34
32
25
29
32
32
47
32
40
57
63
43
43
38
33
42
37
32
24
27
32
45
43
29
46
33
30
26
40
34
37
33
45
51
44
38
60
57
57
50
47
34
34
46
50
36
41
53
44
63
34
38
30
39
28
28
27
38
46
40
51
38
33
35
34
29
53
60
180
149
43
44
50
41
36
24
82
65
65
48
58
54
45
36
49
41
64
45
41
81
51
51
46
39
47
38
36
38
65
69
53
48
53
79
51
53
65
76
50
41
62
34
35
45
48
41
40
34
109
110
46
37
58
73
103
77
65
37
32
38
163
105
60
50
56
28
41
40
42
49
31
65
55
58
29
51
34
47
44
38
62
44
47
35
37
35
38
44
43
39
79
50
38
34
38
46
62
89
38
59
64
66
80
55
63
69
55
75
38
53
92
57
62
62
50
44
26
22
31
22
42
33
34
40
36
69
41
37
45
47
41
28
53
46
33
31
46
39
38
40
80
38
33
28
34
39
46
64
56
32
38
36
44
58
52
44
36
38
42
38
39
34
57
61
41
46
42
58
79
57
33
37
41
45
47
35
34
61
42
42
48
43
56
61
52
53
39
40
48
57
45
54
47
39
38
41
38
31
70
64
47
45
41
37
32
53
55
38
38
50
47
48
41
40
37
51
31
38
41
83
49
58
46
66
46
42
36
58
88
51
45
43
35
48
69
44
48
75
45
36
100
129
68
40
48
60
53
43
52
38
34
119
163
30
25
38
40
71
48
105
97
85
66
49
39
46
55
89
64
84
86
64
42
53
50
73
55
73
58
57
100
79
59
56
101
76
157
57
61
62
72
47
39
45
37
36
49
182
61
51
33
37
58
55
43
63
95
77
78
53
43
41
39
38
40
72
145
96
117
94
69
100
83
123
53
59
79
85
75
107
80
34
55
40
33
39
58
63
47
39
31
35
35
31
39
49
56
60
42
36
30
37
33
37
30
56
53
46
70
39
54
47
48
42
39
41
28
47
50
50
46
38
35
28
40
62
60
60
90
47
81
55
53
98
121
156
144
65
115
46
51
52
51
37
72
66
109
64
54
63
56
36
52
49
45
62
123
132
122
87
52
56
79
54
55
35
49
49
34
38
45
25
33
43
53
58
71
83
62
90
90
145
95
65
41
74
113
112
63
52
82
81
88
58
182
105
71
88
158
97
71
63
114
115
145
88
186
134
72
75
114
116
89
55
77
86
65
81
55
101
106
90
83
77
149
90
148
231
138
76
49
47
61
58
36
38
35
144
121
89
104
78
125
105
93
136
90
57
42
103
82
35
45
85
83
70
88
53
60
61
51
53
163
103
41
49
132
82
75
29
33
35
37
37
131
84
56
416
234
178
82
46
50
33
25
66
91
23
125
104
54
62
38
112
49
32
67
118
119
34
104
32
43
69
75
60
88
67
100
154
38
32
39
50
37
43
69
44
43
37
33
44
41
30
30
79
39
38
38
32
36
103
67
51
54
50
65
59
73
43
32
63
57
47
43
42
71
73
78
43
41
47
49
86
120
90
61
40
43
39
43
50
44
47
71
58
54
35
28
43
36
26
34
39
45
35
34
28
62
51
72
72
43
33
30
35
28
60
50
40
45
42
55
55
38
33
32
35
42
57
66
82
62
43
54
137
57
142
70
71
28
50
38
55
40
36
43
40
43
55
58
38
36
33
30
29
41
32
42
31
46
42
49
40
40
41
30
34
33
36
44
39
29
33
29
45
38
43
34
38
44
69
37
57
50
41
44
46
37
37
39
83
92
52
58
34
55
35
42
41
92
68
73
70
69
45
88
78
80
64
38
35
105
116
50
66
49
40
44
48
45
42
34
40
42
45
75
160
59
61
44
35
37
106
169
64
63
62
44
33
40
40
53
29
46
62
44
48
44
32
39
45
37
29
36
92
55
33
36
38
47
44
42
31
54
39
43
45
45
43
31
34
86
218
44
51
59
51
37
39
28
33
39
34
33
51
42
44
45
38
30
27
64
52
43
43
49
44
103
130
38
37
47
51
46
40
35
44
47
39
30
38
33
32
29
41
50
38
37
41
44
36
27
40
45
36
37
21
35
32
43
27
36
38
40
32
40
42
34
31
32
43
30
32
36
43
46
45
42
40
44
34
26
29
39
27
25
28
35
28
33
34
28
30
38
33
37
39
38
62
31
48
65
64
50
53
63
44
54
60
61
54
30
40
39
45
38
43
47
30
78
52
31
34
37
34
31
46
40
40
36
37
33
32
33
23
34
36
23
28
30
29
422
41
252
172
48
26
39
29
36
29
38
40
43
43
35
46
36
44
44
42
37
29
32
30
32
40
48
54
36
194
124
47
49
43
33
81
54
28
62
55
78
51
44
29
36
33
43
47
35
51
39
43
58
31
43
35
39
74
44
47
42
26
36
29
34
31
34
39
43
41
170
36
37
27
47
51
