34
36
35
41
48
29
23
40
41
37
32
27
35
30
26
44
26
41
34
29
34
173
34
47
95
40
34
29
27
31
29
44
46
42
29
33
20
26
35
39
38
44
31
42
42
59
70
52
51
140
177
64
48
28
59
37
41
40
42
44
54
35
33
34
30
30
22
25
20
23
16
29
32
35
32
25
22
26
35
30
33
34
73
119
44
22
27
25
35
42
43
28
22
27
40
23
23
20
28
42
44
57
29
92
29
33
28
31
22
52
142
171
69
19
36
26
80
59
46
21
21
30
40
66
68
42
24
20
26
76
26
23
22
19
27
28
31
31
26
169
43
86
50
147
169
27
64
39
27
32
36
60
26
26
133
88
70
92
42
89
138
22
42
74
38
43
64
67
55
35
48
37
27
191
72
81
84
21
21
135
29
162
36
27
26
30
28
31
173
51
36
26
19
26
38
30
26
28
32
26
23
26
50
5
45
48
37
23
18
34
36
30
46
50
60
50
39
28
24
37
44
48
42
30
54
23
36
29
21
157
24
28
44
57
69
65
30
36
17
32
22
20
25
20
23
30
39
44
23
29
23
41
27
36
48
59
30
27
17
28
42
34
30
44
30
23
18
21
22
34
22
27
35
45
23
29
28
161
33
42
65
26
21
31
19
22
25
16
27
30
27
33
19
25
34
35
32
21
26
40
30
67
27
19
15
19
34
23
21
27
24
27
26
34
38
23
25
26
60
27
30
20
27
40
40
58
71
50
30
28
37
36
34
40
36
29
28
22
31
23
32
22
20
19
26
27
27
32
27
43
37
27
26
31
26
35
29
34
24
30
69
35
17
20
18
21
67
34
27
25
27
31
30
166
25
26
34
20
31
26
32
20
46
24
21
16
16
22
22
27
23
34
29
31
47
50
23
47
62
34
18
19
40
29
39
42
240
194
18
33
31
28
27
30
29
24
22
20
22
24
33
26
17
33
27
30
19
17
32
32
32
20
18
31
73
272
36
27
21
28
55
26
15
22
22
165
40
56
26
41
25
34
23
24
29
30
27
17
16
23
24
26
32
24
33
33
36
40
34
63
54
58
39
40
32
42
38
35
34
18
19
27
36
35
27
30
28
31
26
25
19
16
23
26
26
37
17
54
35
18
24
24
160
163
22
24
23
30
31
22
23
36
27
29
25
18
23
74
27
19
36
40
23
35
45
50
22
47
49
70
55
28
46
268
213
53
52
21
25
36
25
28
37
26
22
35
26
21
19
272
34
28
51
25
20
23
20
158
58
24
249
111
136
39
224
27
40
51
39
41
25
29
27
32
31
18
19
253
71
49
26
44
60
32
31
20
38
39
28
82
21
48
46
28
27
21
30
28
36
25
46
24
35
37
17
33
25
28
32
38
35
33
157
19
24
21
24
31
29
28
20
30
37
58
80
22
25
25
21
26
34
35
22
34
38
36
52
69
48
56
24
32
40
36
29
51
39
30
31
65
18
34
32
26
26
23
29
29
30
36
39
39
22
36
23
49
33
60
26
23
30
22
30
41
32
31
25
22
25
24
34
31
214
23
25
27
30
23
185
29
22
23
25
27
32
24
27
28
24
24
30
28
29
46
55
34
39
56
65
31
64
71
42
22
27
44
36
39
50
35
54
33
27
31
29
31
19
20
25
49
25
75
30
28
42
29
28
24
57
31
18
44
30
20
47
28
25
21
16
18
29
59
64
55
36
21
21
26
20
23
24
19
49
23
40
35
33
30
36
33
30
168
20
31
29
26
35
34
43
22
60
56
27
27
32
22
32
32
21
24
25
16
40
37
26
40
64
29
26
29
41
37
39
35
26
25
32
23
19
22
22
25
24
31
31
26
53
38
60
31
24
26
25
32
67
30
26
36
39
33
35
21
25
31
25
42
55
31
38
61
29
38
29
20
37
30
43
57
25
21
19
23
34
22
22
26
22
34
24
35
37
36
28
27
27
39
35
26
43
40
28
25
26
22
33
43
75
33
28
21
19
34
27
21
19
30
28
24
23
26
29
161
27
44
21
21
22
19
26
22
23
24
82
107
155
93
27
21
13
25
30
20
35
29
31
50
54
32
23
22
37
28
35
38
22
32
18
21
28
19
21
19
29
70
35
33
66
18
17
20
17
13
19
17
16
24
24
26
26
18
27
125
53
28
30
76
22
24
26
27
34
53
34
48
33
26
35
35
25
37
29
26
32
37
38
36
31
25
145
210
42
41
36
35
37
41
32
38
34
35
27
19
32
33
26
21
22
18
22
20
19
18
22
15
24
21
33
21
20
20
25
35
24
23
20
11
17
25
16
28
36
19
26
24
23
14
23
20
25
21
20
23
22
31
34
19
36
44
25
34
22
21
56
47
23
54
56
45
41
23
34
47
31
26
21
21
16
20
23
27
24
22
24
17
21
27
19
22
13
27
21
22
20
22
26
19
24
24
21
19
16
64
32
29
29
28
16
24
22
40
31
23
39
24
26
39
31
23
49
24
31
37
44
42
38
30
29
31
29
121
228
46
34
25
21
34
24
126
22
179
155
20
22
30
27
19
70
62
32
20
26
16
19
40
23
22
27
21
119
41
122
35
28
82
34
48
27
30
17
23
44
25
32
34
24
19
20
19
17
39
49
27
21
25
37
96
37
63
67
28
25
120
120
241
177
147
27
58
38
39
35
22
48
28
29
26
18
19
11
14
22
24
45
30
52
23
33
39
38
29
40
44
29
35
133
145
29
15
21
31
28
61
66
23
18
14
17
18
49
15
21
47
38
20
20
13
15
67
127
58
28
29
23
139
160
105
30
33
27
20
17
36
28
44
34
46
41
45
28
21
18
19
120
21
18
16
20
15
19
23
23
22
26
17
14
20
18
18
19
18
17
19
14
30
18
15
22
29
30
24
98
111
19
33
33
22
39
104
24
110
18
14
23
27
25
29
49
25
17
21
24
22
11
32
38
20
21
15
17
13
13
22
52
34
126
27
35
43
22
29
22
60
23
43
56
32
20
46
126
125
24
41
50
45
31
26
133
32
26
22
17
20
21
31
17
21
21
23
75
27
30
25
38
30
32
18
27
35
31
28
27
17
30
21
28
41
27
16
20
20
20
16
15
17
21
37
13
62
24
29
18
22
22
17
16
25
22
20
31
33
43
41
46
52
65
34
55
22
23
20
25
33
24
114
46
25
19
24
13
132
38
24
20
26
37
18
53
28
23
31
51
47
29
68
24
20
20
17
14
25
28
30
26
24
31
31
26
33
18
25
47
31
16
15
16
16
12
17
29
28
28
20
21
27
18
18
45
31
15
29
22
31
22
22
24
20
47
20
12
21
29
24
15
48
28
27
23
17
14
14
18
33
19
21
29
19
15
24
13
38
21
37
17
36
40
14
10
15
32
11
20
22
32
22
17
33
77
40
24
39
40
135
140
51
45
14
16
24
18
20
24
23
21
23
22
27
20
16
39
17
16
19
24
26
33
42
69
74
39
190
112
57
24
25
46
40
19
46
52
14
20
68
20
20
17
11
15
23
27
20
16
21
24
21
22
16
18
10
17
24
24
39
39
35
26
28
17
17
39
14
38
60
88
46
37
54
40
48
42
28
27
25
28
29
17
20
43
43
32
28
23
18
28
32
46
37
25
21
88
80
21
24
18
22
24
25
32
20
25
55
48
26
19
22
21
61
25
25
38
38
117
97
35
50
29
21
17
22
17
14
18
22
53
68
130
122
103
24
19
20
24
20
18
21
22
17
32
53
49
41
27
33
31
23
23
26
31
41
20
19
28
38
30
22
31
42
29
22
32
25
18
26
22
30
29
24
25
29
29
48
25
32
77
26
18
16
21
23
35
33
25
20
18
26
29
25
25
20
20
26
40
23
27
20
22
39
26
61
38
41
30
29
25
24
25
41
25
21
24
27
25
27
27
32
29
27
23
26
20
29
19
21
40
38
27
18
29
38
39
48
54
16
29
40
25
29
57
41
40
31
25
30
42
29
23
19
38
31
25
31
66
30
26
26
20
27
20
33
37
30
36
30
36
20
32
21
42
44
32
30
45
29
30
28
38
30
34
26
34
35
34
36
35
43
33
26
22
26
25
38
31
31
32
81
42
78
43
25
31
40
25
33
48
37
25
32
28
66
50
32
27
31
53
45
52
34
32
32
32
95
107
41
35
38
37
29
33
37
48
45
17
37
39
26
33
24
33
31
33
38
36
33
18
33
24
38
31
27
36
120
34
23
31
23
38
51
92
44
33
23
52
29
28
45
51
34
26
30
35
35
36
31
36
36
23
28
16
24
19
26
24
21
22
27
34
41
27
28
24
34
26
18
37
140
46
32
29
29
44
30
31
142
24
32
34
34
51
42
36
28
26
40
37
32
32
29
32
32
40
27
31
49
36
31
61
37
28
35
34
23
23
23
34
25
23
21
38
35
26
32
29
38
46
45
39
24
22
41
85
29
35
28
24
26
28
24
37
43
38
36
28
28
22
28
41
25
45
60
34
30
28
28
33
24
21
24
26
31
33
34
31
44
41
27
31
21
46
73
76
39
31
25
82
32
45
94
29
65
61
45
55
34
40
43
27
28
28
43
27
136
57
26
30
34
33
23
43
35
78
79
48
44
37
22
25
31
49
29
54
69
58
34
24
28
52
51
39
44
28
65
74
41
46
39
52
84
78
43
29
28
41
42
33
33
30
26
73
62
32
32
42
23
26
38
26
38
63
77
34
38
26
31
114
20
29
43
47
52
63
46
64
45
25
60
36
46
80
43
64
57
26
30
39
35
20
33
29
29
18
17
21
29
29
31
31
74
31
30
25
22
33
30
25
32
38
32
32
40
33
40
40
44
27
26
36
29
29
31
36
35
40
24
21
30
45
29
66
64
42
32
39
67
40
43
33
85
53
66
108
43
36
42
47
23
65
83
109
44
55
126
28
34
31
35
31
35
190
191
340
131
44
37
52
130
32
34
23
27
58
32
27
32
30
29
45
54
71
65
74
141
75
49
35
45
108
83
56
43
62
114
73
51
167
132
60
52
120
86
43
38
50
125
75
69
41
65
30
25
104
67
62
50
37
62
27
65
58
36
81
45
50
34
33
130
64
132
204
121
115
56
36
106
102
32
21
50
113
87
47
252
171
203
109
50
136
85
57
56
97
26
38
31
104
92
53
76
43
32
58
36
128
113
48
34
38
103
93
65
20
34
52
37
34
109
56
57
402
347
209
65
44
44
33
29
35
187
74
146
65
38
54
40
105
38
33
45
245
97
48
120
34
40
83
74
56
95
73
62
142
37
27
42
30
34
32
55
27
31
31
29
26
30
20
25
30
27
27
24
46
19
39
29
40
39
41
28
46
54
47
23
31
44
36
29
31
36
43
63
55
34
38
152
145
120
46
54
45
24
27
33
36
29
33
32
37
29
32
37
22
18
20
16
21
52
22
20
20
21
30
29
28
30
29
26
23
16
22
23
57
22
31
36
36
31
25
19
18
39
35
30
28
35
30
27
59
27
35
42
52
28
23
43
35
55
26
18
18
23
28
32
36
39
54
63
25
20
41
26
30
33
26
34
27
24
30
23
17
40
53
30
39
28
20
24
29
41
38
32
22
39
35
26
35
47
37
32
28
28
25
35
26
27
52
27
29
32
28
40
25
23
29
56
40
48
42
60
38
130
94
98
26
21
33
32
26
39
39
32
44
36
27
48
35
20
24
24
27
24
23
44
123
39
49
33
26
121
205
55
37
43
33
34
28
28
33
24
24
41
35
39
26
18
36
26
33
35
36
36
58
38
22
23
39
38
23
24
55
128
125
33
37
33
20
23
227
4
115
47
50
34
32
30
26
24
33
36
35
25
133
138
42
31
24
31
42
37
42
38
24
38
49
93
80
29
33
68
38
38
30
30
39
29
32
29
23
22
20
25
40
41
27
41
31
27
31
20
33
42
25
36
25
37
35
33
19
32
31
29
27
30
33
21
21
21
25
21
36
42
30
31
48
27
30
38
35
33
39
58
129
110
70
29
24
27
22
27
18
32
34
22
22
28
54
36
46
31
49
44
45
36
23
29
55
52
35
20
26
30
21
41
23
34
29
69
53
26
22
20
28
20
38
27
21
31
32
27
35
28
34
25
29
18
16
24
24
50
40
34
35
287
121
117
15
17
17
21
25
62
29
34
33
28
21
32
35
22
22
124
28
26
30
23
26
32
136
58
20
32
29
28
54
42
25
32
41
59
26
21
23
29
35
31
25
25
35
37
30
34
27
35
30
47
23
25
29
30
26
23
26
40
30
26
27
27
31
29
122
35
28
20
25
26
