110
102
129
166
73
93
118
127
107
109
118
146
56
86
203
62
53
108
81
159
3371
122
145
124
148
180
111
56
116
62
53
146
98
88
56
89
146
69
83
112
227
182
276
164
288
291
496
143
230
142
961
411
202
134
332
80
156
197
190
164
144
104
116
110
65
56
74
85
77
50
76
58
84
76
87
73
64
68
77
199
93
93
79
84
137
394
130
86
84
85
76
84
111
64
61
54
90
68
68
75
208
99
115
165
114
305
107
125
345
207
59
53
571
475
563
161
96
195
127
111
220
169
99
85
73
76
121
206
190
164
94
76
266
109
119
99
97
102
83
159
103
205
3631
104
221
301
141
151
414
175
132
128
144
80
108
125
83
211
110
84
274
164
120
361
293
352
190
349
421
232
141
105
237
251
249
166
219
145
97
162
117
73
86
92
97
778
210
418
119
147
91
102
122
78
4063
102
100
81
110
143
136
86
92
95
88
102
73
66
82
152
118
104
103
59
193
70
194
59
370
489
320
150
131
138
214
227
144
293
214
109
270
129
81
97
78
3726
68
63
133
221
199
203
84
108
52
83
72
96
84
58
46
72
76
51
202
65
216
183
65
308
314
316
48
130
66
88
269
233
108
251
43
51
125
82
153
90
82
100
80
71
92
77
41
191
3665
75
78
97
93
66
58
68
48
94
87
90
131
169
97
47
44
49
79
69
212
63
152
179
1361
93
60
294
38
134
62
58
53
91
102
91
214
181
146
59
132
86
161
82
145
103
158
167
379
442
197
149
95
131
200
184
139
214
49
53
149
60
88
124
127
61
46
46
60
62
107
95
58
78
121
75
84
72
89
80
93
99
63
63
394
50
38
41
34
71
311
102
64
66
82
81
163
3623
70
84
62
91
122
79
55
83
51
52
69
41
53
52
43
68
39
59
83
179
132
197
126
302
477
74
92
78
159
184
75
152
580
1120
55
176
65
96
57
73
94
66
112
40
72
72
55
95
69
67
142
151
91
45
77
109
35
62
41
64
48
207
171
59
56
84
114
140
59
60
101
173
3390
101
159
207
115
125
88
105
72
85
80
94
51
62
57
61
59
112
63
107
175
118
144
119
348
487
106
183
130
275
332
148
253
105
40
148
86
46
49
65
178
83
43
80
65
75
49
119
90
38
34
46
62
73
65
103
78
112
3702
67
142
72
92
96
147
139
73
122
79
61
75
68
46
55
73
123
147
108
121
174
88
265
581
99
110
103
125
145
260
1195
377
212
52
86
173
86
63
52
69
76
55
109
76
61
153
1320
4260
109
114
47
55
60
150
760
4100
66
1332
1159
589
459
548
117
186
867
227
230
64
82
105
173
68
84
49
221
537
201
90
261
365
328
123
75
123
190
175
110
189
189
82
149
108
56
81
78
92
96
109
190
65
73
59
74
92
81
81
108
75
96
158
111
519
3400
95
35
73
84
106
80
58
100
93
70
258
81
81
73
88
80
81
237
112
273
148
101
377
419
320
292
134
155
189
195
118
271
119
64
141
109
106
237
60
103
122
112
102
121
101
95
161
157
121
105
69
134
105
120
118
245
160
87
138
79
87
129
119
70
98
71
92
112
104
76
477
190
74
57
65
568
3288
106
59
129
109
134
95
89
87
123
106
97
101
75
108
128
102
65
73
101
228
161
147
208
340
443
129
57
124
215
187
145
327
89
102
154
126
99
82
238
84
63
65
52
145
303
177
109
75
107
95
64
292
110
96
96
87
106
111
105
125
68
61
62
73
75
83
123
367
338
58
49
51
76
57
85
79
63
109
137
229
105
102
98
130
98
87
3681
109
130
98
79
155
73
86
67
171
150
93
91
91
76
78
74
103
73
68
74
186
183
285
405
283
116
76
105
198
191
170
170
107
96
153
84
62
38
49
65
97
117
83
102
91
149
69
110
57
75
128
125
88
93
119
164
82
84
79
90
84
37
65
86
58
134
77
131
101
188
147
76
50
71
95
145
110
78
87
74
80
78
73
58
42
73
67
121
68
156
132
107
79
57
79
156
236
119
92
109
92
95
66
102
107
121
128
127
122
157
97
81
112
107
56
67
197
176
47
93
78
107
640
3500
96
96
58
71
78
73
79
83
67
79
98
136
106
89
48
64
65
75
77
201
195
203
325
383
129
81
90
180
180
142
224
65
55
161
84
57
95
182
132
95
80
124
102
78
58
64
59
67
49
36
38
63
55
50
61
50
88
261
170
913
521
420
71
95
197
87
100
141
278
115
116
148
93
133
119
115
101
88
136
94
94
87
105
129
169
190
131
99
1387
233
142
134
113
93
119
79
80
104
109
68
93
73
79
53
48
180
47
86
65
67
59
59
40
59
63
61
71
52
44
70
75
88
60
83
84
66
175
61
187
128
75
74
79
72
53
59
61
56
60
49
65
97
62
106
100
184
244
141
63
85
121
97
94
108
88
69
69
104
138
126
140
73
129
256
164
123
119
183
63
49
56
80
80
57
37
50
75
79
60
42
41
55
54
54
156
142
97
104
123
80
86
94
97
105
141
96
81
86
72
52
76
157
84
58
71
97
87
91
244
73
56
58
103
114
136
108
137
82
68
323
88
65
91
83
92
144
43
39
84
151
87
74
96
93
70
79
79
45
60
55
36
146
104
64
46
56
75
32
107
156
101
72
77
52
106
59
54
73
54
62
202
122
95
50
85
134
95
81
84
50
133
143
35
273
69
138
177
113
118
100
86
61
220
140
305
105
78
49
633
341
883
232
174
111
144
157
105
97
176
176
122
74
43
48
38
36
66
177
64
331
84
120
120
140
329
195
111
95
92
82
73
780
157
155
65
74
59
67
81
130
111
54
37
28
53
54
38
39
48
180
136
72
30
32
45
76
482
194
256
260
67
253
119
173
95
175
84
51
29
57
247
84
326
254
107
258
104
124
77
75
61
678
68
73
140
118
109
94
45
44
46
32
30
21
34
82
51
47
33
36
48
50
46
38
200
50
21
40
71
31
57
594
184
83
101
31
54
441
59
122
58
39
34
161
74
205
102
179
581
105
101
87
52
43
61
381
94
34
53
41
47
36
40
147
109
241
104
43
54
80
71
87
93
65
64
96
159
179
52
120
657
170
65
143
268
143
128
165
761
74
94
42
100
66
56
64
35
36
95
103
212
70
92
70
71
91
89
77
96
91
155
101
220
57
89
83
109
71
126
64
63
45
47
38
50
37
66
67
89
36
114
111
144
119
61
60
65
41
124
63
112
177
469
113
189
139
155
351
144
93
122
92
86
113
85
79
74
145
127
58
69
82
120
787
310
179
72
84
175
74
235
126
160
103
216
114
242
129
139
37
162
53
51
42
129
80
89
67
104
65
61
68
51
66
65
74
85
96
117
33
43
57
55
124
61
37
36
184
103
68
41
222
82
68
59
114
97
80
111
61
56
87
153
51
62
87
72
72
57
146
38
42
161
48
49
30
121
164
99
62
35
102
127
40
186
210
198
132
79
149
56
31
70
55
177
42
72
87
69
51
48
148
191
53
113
94
655
264
95
114
73
43
45
39
21
108
36
49
40
59
61
69
124
92
66
50
39
95
103
55
85
492
390
154
80
81
452
117
75
74
191
176
66
286
130
50
85
99
226
42
51
34
59
55
73
67
55
43
56
71
50
77
50
136
106
41
103
57
104
68
131
54
63
60
55
42
40
49
262
364
138
110
120
139
368
152
141
56
82
86
63
77
40
71
90
76
61
73
70
54
84
134
112
116
188
115
180
109
203
258
63
54
50
86
120
78
73
92
144
53
112
148
128
84
131
160
145
146
641
155
104
95
96
57
47
75
59
46
50
52
88
80
107
576
532
218
84
71
64
62
59
44
94
88
207
84
148
354
193
154
66
73
87
63
60
109
110
87
67
89
118
215
111
68
135
87
70
68
71
56
77
78
103
78
64
153
177
96
80
150
68
252
290
134
90
62
33
72
67
102
125
73
52
63
309
98
61
74
252
418
68
100
191
89
60
75
97
67
85
141
295
126
86
81
90
94
178
83
52
66
99
99
152
106
118
149
118
66
66
112
97
77
71
57
120
104
78
92
136
126
69
95
95
192
101
80
42
92
157
93
73
80
51
65
50
58
45
54
96
103
81
69
83
125
145
80
90
45
43
77
242
147
103
89
161
111
47
80
249
183
160
92
142
148
221
91
124
126
227
96
99
305
136
177
142
134
102
111
97
58
166
134
103
119
123
240
178
185
115
165
148
99
227
132
56
97
100
113
83
113
91
203
206
125
90
124
228
187
136
114
67
111
175
316
174
118
89
130
81
89
98
70
93
60
93
166
218
87
107
150
134
100
72
226
147
202
90
152
102
169
85
123
108
316
121
169
197
167
123
200
276
361
62
85
103
84
123
90
283
154
80
68
75
142
78
83
146
205
75
93
65
64
47
43
95
38
58
55
155
155
113
92
109
81
100
55
151
78
75
88
120
143
84
67
128
104
87
49
64
88
85
230
149
129
91
130
101
180
116
73
83
123
72
132
64
68
59
78
130
98
95
123
216
109
92
92
112
106
116
123
170
93
141
82
142
90
156
96
208
132
94
156
87
102
294
84
114
80
104
77
124
118
84
66
139
100
117
92
122
73
84
153
139
66
67
84
114
109
113
137
78
78
90
80
96
81
143
92
221
219
152
133
55
70
43
131
277
114
117
101
130
81
78
145
73
231
62
257
456
267
120
111
102
134
128
127
128
99
110
490
163
87
96
113
67
114
57
91
187
326
305
107
131
92
80
103
219
204
360
272
143
93
82
100
121
118
106
153
138
428
410
159
143
216
261
232
420
96
139
133
128
113
107
101
123
157
370
317
90
125
110
92
116
63
97
109
116
230
218
221
115
110
98
143
292
102
475
358
174
250
400
182
267
632
268
196
411
151
178
383
191
116
99
206
98
68
98
101
99
98
101
98
76
82
121
75
174
146
143
132
61
68
61
115
102
140
180
141
99
142
83
137
110
125
128
138
78
94
74
99
155
176
108
78
52
78
148
109
62
208
185
203
118
86
211
130
135
153
564
329
175
119
196
120
158
112
85
192
440
222
139
266
230
102
61
102
92
116
135
345
235
237
602
352
243
217
142
154
801
105
119
167
173
53
49
51
93
97
218
112
217
165
154
152
292
395
135
101
144
268
292
257
161
217
332
214
109
123
659
336
135
219
323
279
164
236
398
479
434
455
1010
391
217
284
275
397
198
186
174
130
144
151
148
197
173
261
117
138
233
300
309
454
397
230
187
125
116
218
155
64
57
139
487
430
256
384
753
359
161
222
185
202
284
152
394
211
91
67
148
234
178
271
194
132
144
141
115
510
489
120
66
120
262
179
115
105
105
68
77
91
398
262
152
187
319
179
209
97
169
94
74
126
1133
230
221
142
156
178
99
260
131
122
153
172
491
152
41
83
138
246
136
213
80
362
132
351
178
58
64
91
99
82
167
506
157
91
55
96
91
160
56
102
91
89
65
65
1968
62
115
505
230
203
599
439
598
190
224
104
58
137
320
120
125
93
324
158
235
97
99
82
715
614
415
298
224
108
74
119
86
141
153
71
108
240
178
99
92
86
84
67
70
57
64
69
95
99
114
132
107
116
100
80
88
103
84
75
89
108
99
157
100
131
130
92
48
81
51
72
216
144
203
161
78
89
176
150
126
259
61
85
80
75
130
101
89
88
57
108
142
141
149
159
96
219
317
94
67
90
71
111
117
103
121
105
61
108
80
84
72
86
72
104
78
117
70
75
96
118
169
62
132
169
89
177
138
151
105
91
100
110
94
65
225
119
111
109
114
83
88
106
67
59
113
190
269
84
76
338
123
798
489
191
95
75
80
101
318
141
136
117
151
98
111
153
89
123
96
91
83
57
112
231
253
164
164
95
87
117
226
176
124
131
90
102
83
68
101
94
73
141
96
139
133
90
106
73
112
76
65
117
159
154
117
87
62
131
106
183
88
223
755
123
159
116
86
51
103
193
1578
119
108
157
116
95
101
80
96
127
121
111
130
797
215
141
186
157
109
100
141
76
105
130
99
233
356
427
383
192
179
129
84
84
76
131
108
124
68
86
67
69
64
89
102
90
90
97
105
223
59
78
74
80
82
85
80
84
82
80
86
87
105
106
106
184
68
55
69
179
186
58
77
52
157
199
83
75
62
94
82
73
55
114
625
157
154
110
72
54
219
58
35
68
81
80
68
70
151
115
148
150
176
158
101
155
97
98
87
197
151
308
170
215
181
98
180
204
301
346
321
81
58
67
78
45
84
92
80
78
73
164
121
71
80
51
90
104
76
64
57
115
266
92
141
83
341
503
308
71
65
102
195
101
86
82
88
68
101
113
85
75
85
85
62
721
110
99
88
124
90
101
631
227
102
108
102
82
81
202
115
75
128
128
176
84
35
122
78
118
149
139
67
117
106
94
89
107
106
80
92
95
80
109
76
63
78
63
79
75
60
82
58
94
85
110
74
55
52
114
129
372
