29
32
22
47
37
15
16
24
18
16
15
33
29
22
16
17
9
22
18
11
12
13
16
25
32
28
27
15
17
19
18
20
23
29
19
19
15
14
15
18
19
24
26
27
25
24
22
26
39
45
73
45
19
30
23
66
28
30
37
27
31
20
24
21
13
26
21
29
20
13
31
26
29
28
26
24
18
25
24
24
35
25
35
81
42
36
31
22
26
24
35
18
13
10
23
16
15
21
21
47
52
27
83
50
27
39
21
41
24
26
31
74
73
18
23
44
43
43
71
57
25
30
26
26
47
42
26
29
26
44
19
21
17
16
29
27
27
28
26
53
33
49
50
74
47
92
61
60
40
27
17
26
36
46
35
41
41
34
25
46
45
49
38
33
15
17
23
25
56
43
35
45
33
21
22
39
36
31
35
16
21
34
56
85
63
21
35
38
39
20
36
50
48
55
23
31
31
52
62
0
19
26
15
28
18
40
29
56
50
20
20
22
19
14
21
24
30
45
37
38
22
24
20
25
40
127
51
23
40
28
18
14
26
28
80
58
56
49
35
78
27
21
17
16
14
30
38
23
29
23
25
19
14
15
23
24
22
16
18
18
16
19
22
32
20
8
19
22
25
33
26
22
30
27
24
21
27
26
30
29
47
21
30
15
15
20
25
32
24
41
47
32
25
25
46
22
14
19
8
13
24
38
19
11
12
24
21
15
22
25
25
27
40
48
27
34
36
52
21
19
14
25
47
38
20
34
33
44
24
22
25
27
16
22
24
27
23
22
29
23
24
13
14
22
23
23
19
26
32
27
43
40
29
28
37
30
37
80
29
30
15
11
28
31
60
33
56
44
31
31
42
26
20
24
20
37
19
48
14
18
17
19
16
16
7
29
19
17
21
25
24
36
62
26
15
15
17
13
8
44
22
18
29
46
71
19
21
28
32
26
25
30
15
21
21
19
25
22
23
24
21
25
21
23
32
24
26
12
14
22
24
103
115
42
20
22
25
24
35
47
25
18
37
34
20
22
28
28
27
18
57
35
28
14
17
18
19
30
27
46
27
25
25
18
19
14
28
26
36
38
53
50
23
19
15
20
19
18
44
20
20
24
17
24
17
15
19
22
33
21
10
25
19
23
20
15
21
18
12
19
32
19
36
24
31
25
29
33
21
19
17
55
16
21
20
33
26
21
28
19
23
39
21
24
59
27
44
55
50
53
19
17
23
20
19
31
27
26
24
28
26
28
16
46
30
32
31
18
15
24
20
26
16
18
34
92
65
19
22
13
30
84
35
27
24
23
24
21
21
17
80
59
33
34
18
14
22
16
32
22
21
15
19
19
31
39
24
12
24
25
25
26
26
22
20
23
17
25
28
21
21
25
36
29
29
32
25
21
24
25
16
40
28
21
27
41
29
22
19
20
16
10
21
24
19
27
31
22
21
18
29
22
52
37
20
20
19
15
12
30
19
18
20
7
34
45
22
27
36
31
23
36
37
37
33
28
31
16
26
29
20
32
28
20
30
15
20
40
36
19
24
30
17
21
27
19
22
49
26
30
14
24
28
28
22
18
23
47
29
28
20
33
21
31
39
19
32
28
18
19
21
17
31
39
23
37
34
25
21
49
23
22
31
39
32
24
20
29
38
38
37
29
23
19
69
81
35
21
30
32
20
22
77
23
43
59
48
41
20
17
14
20
21
12
29
20
28
26
20
20
23
20
9
17
28
15
16
19
16
39
47
29
26
18
29
26
20
24
57
28
22
17
28
22
20
17
28
23
20
27
31
22
14
20
15
14
9
18
12
11
13
19
9
22
22
16
12
10
12
16
15
14
14
9
10
11
15
23
25
20
37
48
27
28
29
24
20
25
30
33
23
22
24
33
23
21
33
27
12
12
28
40
34
15
33
69
52
49
28
25
16
52
18
35
23
17
20
17
32
22
13
27
18
23
23
39
40
26
17
15
23
30
27
16
37
28
19
24
23
31
33
50
39
29
28
31
14
19
27
30
14
15
22
22
15
17
16
9
11
11
15
10
8
16
11
12
19
16
22
17
18
28
15
4
10
14
16
16
9
9
14
9
16
13
13
10
7
10
13
12
6
9
9
19
9
11
19
20
46
33
54
33
27
14
18
14
11
11
13
14
8
16
16
13
22
23
28
23
65
34
26
23
41
49
16
21
32
30
21
20
28
31
21
25
27
21
33
24
29
48
36
33
31
23
22
42
48
35
33
33
31
28
32
20
35
28
28
46
35
38
16
11
11
14
18
17
12
18
14
15
15
8
18
17
14
17
19
21
17
23
16
9
16
18
30
34
30
20
26
21
10
17
15
23
11
22
18
14
16
29
30
33
36
27
19
17
13
30
26
19
23
19
26
48
98
29
23
44
41
35
52
22
12
25
18
17
16
14
8
12
22
17
8
11
10
11
15
37
23
27
12
11
16
22
13
21
50
36
21
20
22
10
15
44
45
70
4
31
18
16
22
20
16
12
14
24
47
37
26
20
14
19
22
25
20
16
110
25
17
15
11
18
18
21
7
19
15
34
13
11
15
38
29
33
20
8
19
29
20
19
13
13
13
11
23
18
12
14
15
30
32
16
19
30
18
19
40
114
28
23
13
8
32
44
38
21
32
41
53
45
51
114
63
33
18
116
49
87
47
49
26
38
28
27
39
26
38
35
21
23
8
7
6
16
34
20
50
18
23
28
40
55
66
56
37
40
53
34
145
42
76
61
30
25
11
102
58
26
19
16
41
49
9
13
15
52
27
16
9
10
9
15
19
45
47
37
22
39
23
29
23
25
16
9
9
17
18
28
21
32
31
50
42
21
35
45
20
39
10
22
42
39
18
19
17
23
11
16
16
18
20
14
9
11
9
8
12
14
11
10
12
19
25
22
47
56
32
30
14
13
50
31
26
26
11
9
30
27
19
26
44
45
23
20
42
8
14
35
15
26
13
14
9
12
9
13
49
35
27
25
23
17
26
21
38
31
22
32
55
32
19
18
47
19
44
40
47
62
42
31
49
32
35
22
15
20
30
25
16
14
26
26
46
21
24
34
34
27
30
26
33
32
40
20
18
25
28
97
23
25
17
18
17
13
9
4
15
18
21
12
31
26
31
22
15
18
27
31
16
21
14
52
38
77
117
52
41
38
37
43
33
31
12
30
30
26
32
30
25
27
39
11
36
44
80
31
106
0
17
34
29
37
44
72
43
31
23
27
19
20
16
20
14
46
43
129
36
18
22
26
16
34
30
24
44
46
27
14
13
46
43
40
69
57
32
28
48
37
17
20
17
18
24
34
19
24
14
32
13
20
29
17
16
18
15
16
20
50
23
27
17
12
10
13
41
27
28
31
20
12
11
16
25
12
17
13
23
10
21
18
6
14
14
11
23
31
24
9
19
21
44
34
30
45
65
57
53
67
20
19
16
18
14
20
18
13
16
14
28
22
13
12
15
9
14
21
24
18
30
148
149
127
42
105
76
16
19
20
36
93
32
28
38
24
14
22
12
15
11
10
8
8
10
13
13
14
15
19
11
13
11
10
13
20
15
39
33
27
32
11
6
13
11
12
9
20
65
65
63
38
56
57
58
47
45
30
23
25
16
14
17
77
32
44
17
17
24
31
37
50
28
25
25
108
57
36
35
19
25
12
17
26
16
45
28
9
23
27
25
43
36
27
55
57
33
22
18
45
14
13
13
9
13
15
15
17
42
53
129
96
23
26
16
14
18
15
18
20
46
26
30
37
29
33
24
28
14
19
18
18
21
26
8
23
28
29
22
26
25
21
22
20
27
23
27
14
36
28
23
40
44
23
30
40
19
44
38
25
25
6
12
19
22
33
32
6
14
11
15
9
18
19
12
15
23
23
17
15
14
49
35
28
26
28
25
34
20
16
20
29
21
15
26
18
13
26
20
29
16
13
15
12
12
14
27
17
30
25
26
32
18
37
45
56
32
17
30
31
27
40
45
26
32
18
20
36
14
14
15
12
17
25
19
30
25
22
18
23
18
25
15
38
56
50
49
24
44
30
21
13
63
57
48
20
44
24
22
32
40
39
30
41
39
34
23
36
37
53
28
19
30
25
22
25
34
29
23
34
116
38
30
34
46
18
20
50
20
20
32
35
53
41
32
25
43
68
59
36
27
22
45
27
22
29
47
41
32
22
38
13
20
17
17
22
28
25
26
26
34
25
33
31
29
50
21
44
22
54
30
24
62
62
30
39
29
29
32
169
32
16
11
21
27
26
35
49
39
43
39
24
132
24
21
38
24
40
75
328
199
400
709
279
16
41
0
31
34
22
33
36
77
19
16
21
394
9
20
29
23
61
37
44
19
394
18
23
25
31
32
58
24
24
26
24
27
20
25
17
43
20
15
27
50
37
47
29
30
41
34
20
21
12
31
22
21
26
17
35
45
45
24
44
28
30
26
29
27
20
43
43
33
17
30
31
16
17
24
50
37
22
29
24
26
23
21
31
24
21
40
59
22
28
30
23
19
13
14
27
23
23
26
31
53
57
37
24
421
26
39
44
70
28
26
17
51
27
25
70
35
20
49
84
51
44
32
90
34
24
37
40
32
55
40
32
25
23
26
12
20
79
75
61
32
50
22
34
30
41
46
50
70
54
26
23
34
47
33
24
45
26
41
80
53
25
51
138
95
45
29
24
43
36
24
31
22
36
102
75
58
43
48
23
38
30
40
70
87
79
48
30
37
32
63
30
34
57
63
64
56
36
69
41
31
56
39
44
79
50
76
57
32
27
41
33
18
19
26
22
14
17
12
22
220
29
24
36
34
27
21
26
26
17
26
32
31
34
33
39
84
36
39
20
17
25
26
27
23
27
23
28
30
36
27
32
31
42
40
86
799
49
38
42
68
47
51
64
101
23
126
51
33
28
40
26
93
94
104
77
38
39
38
26
21
27
22
154
121
91
72
65
74
56
36
39
29
30
21
29
33
36
24
13
19
7
32
46
59
69
85
61
167
96
24
32
72
79
82
72
56
55
73
94
58
54
119
82
58
65
33
36
38
53
62
72
137
133
147
60
117
70
51
31
44
21
29
31
41
86
83
58
77
94
122
52
72
151
109
21
23
25
55
34
37
17
96
46
49
39
89
83
80
115
38
33
19
23
18
23
18
18
55
82
24
31
35
31
36
28
37
30
20
14
25
28
24
15
25
25
21
26
28
24
121
213
154
56
34
24
33
56
27
20
18
31
48
45
33
37
28
37
40
22
17
24
20
20
21
20
25
41
31
22
20
46
36
102
46
24
21
16
22
32
140
78
28
16
34
24
19
31
550
26
32
24
19
13
24
26
62
44
54
37
32
57
50
34
19
28
78
46
67
107
56
106
67
68
39
30
35
71
68
51
60
33
27
19
29
44
35
38
28
42
28
34
22
34
12
18
20
27
33
40
28
25
33
50
78
61
42
35
35
29
22
34
86
29
45
39
43
22
26
30
32
89
54
44
75
57
79
233
52
41
87
159
29
21
39
38
34
35
22
20
19
39
47
46
37
25
23
38
34
31
25
23
28
21
41
26
27
22
24
16
34
23
23
22
23
20
21
14
37
26
38
25
45
29
32
38
35
33
38
38
37
17
14
17
33
36
39
35
28
33
28
28
21
19
33
46
65
14
12
54
44
31
72
59
17
37
26
81
71
39
27
35
31
26
34
50
58
29
37
23
30
30
54
49
64
46
28
45
49
89
55
58
33
34
32
28
18
23
44
22
42
46
43
30
28
22
24
26
47
22
59
41
38
19
21
50
23
30
35
50
45
44
40
42
25
22
25
85
213
72
43
45
36
41
32
28
14
30
70
51
65
69
51
31
62
38
60
43
45
36
39
28
84
103
79
42
26
20
26
12
16
23
27
27
19
22
16
14
23
19
28
24
52
18
23
24
25
34
30
26
51
87
28
40
50
45
32
28
35
33
29
40
24
21
20
25
37
25
41
31
44
43
24
157
37
25
25
18
28
33
39
37
22
30
25
21
24
20
20
33
20
20
24
21
62
36
50
57
46
38
36
30
25
48
40
30
23
10
33
22
14
19
29
26
39
30
18
14
16
21
22
32
21
24
24
22
26
21
17
15
16
21
14
18
29
149
309
32
80
45
27
42
145
31
17
18
16
21
29
30
50
85
25
18
31
24
20
22
22
24
33
20
26
17
138
121
133
23
27
23
126
50
22
27
95
75
86
54
10
22
16
24
29
16
20
24
24
18
18
46
69
131
20
14
20
21
44
18
19
15
19
21
22
21
25
38
21
17
15
14
22
