11
9
22
31
7
5
7
7
8
3
9
3
5
2
7
16
8
9
9
3
4
3
4
4
5
2
3
8
8
16
12
8
6
6
6
5
4
11
4
8
5
7
8
14
80
162
27
2
4
2
8
5
21
17
16
4
1
1
3
3
2
2
2
2
2
8
4
6
3
6
4
10
9
5
17
5
14
36
4
3
12
8
15
14
24
8
7
8
5
7
7
9
18
26
26
6
46
8
6
2
3
2
44
124
4
8
5
9
10
17
29
24
8
6
11
18
17
18
8
8
34
6
6
3
7
9
5
7
1
2
5
26
40
10
11
40
22
7
48
9
14
8
11
4
8
6
44
18
19
47
10
32
3
4
4
3
4
4
14
5
12
7
3
3
4
1
10
4
4
1
1
58
4
123
6
2
9
5
6
4
1
1
6
1
5
6
4
6
8
3
4
4
8
6
11
14
10
8
5
3
5
6
5
6
6
3
5
2
8
9
9
2
9
6
6
3
6
4
2
7
9
19
14
3
3
5
1
8
7
5
8
3
5
6
2
2
5
5
3
4
11
2
1
3
8
7
4
2
1
2
5
2
3
6
14
8
3
6
2
8
4
4
10
6
41
6
3
2
6
4
4
17
4
11
6
1
11
6
5
4
7
4
4
3
6
1
4
7
7
4
7
8
6
15
7
3
6
6
4
2
3
10
6
7
5
6
4
15
4
14
2
4
1
8
5
7
5
6
10
2
7
2
3
6
5
7
11
3
5
5
8
4
6
8
10
5
9
2
3
11
1
1
11
3
6
1
4
10
4
7
7
7
4
6
4
5
4
6
7
3
5
6
4
12
13
8
4
8
10
11
7
4
1
4
2
7
8
9
9
11
140
173
3
9
5
9
11
6
2
5
5
3
5
4
7
8
6
6
6
4
2
3
3
9
2
10
2
7
4
6
3
6
3
6
4
10
9
6
8
6
7
3
3
1
4
8
7
7
5
2
8
5
7
2
6
4
5
4
9
5
7
5
12
7
5
3
9
9
10
18
4
6
3
5
3
4
7
8
5
10
7
3
6
2
8
5
9
6
7
5
9
5
7
5
8
5
3
4
1
3
8
6
5
5
4
5
5
9
3
5
5
2
6
8
6
1
1
9
7
7
5
57
200
2
1
2
5
4
6
2
3
3
1
5
1
6
3
7
14
13
5
3
2
1
3
5
4
6
4
8
2
7
3
6
8
5
5
11
11
3
9
11
5
8
9
6
5
7
8
1
8
3
4
4
7
3
8
5
6
5
9
6
4
7
9
9
5
5
3
6
2
6
7
5
4
7
5
3
14
4
7
7
10
2
2
9
4
2
5
3
7
10
5
5
7
10
6
6
7
12
4
5
37
7
6
6
8
8
10
11
12
9
5
7
3
8
11
10
3
7
3
3
7
11
4
8
6
3
14
19
8
4
4
8
5
2
5
9
5
8
8
3
10
4
4
2
6
4
6
10
5
8
11
4
5
5
3
5
5
7
4
7
8
10
5
6
9
13
14
7
5
7
9
8
8
4
7
1
6
8
7
9
12
13
3
7
5
17
4
9
7
8
6
11
5
11
5
6
5
15
16
8
2
5
1
5
1
3
9
13
13
6
5
4
4
6
4
4
5
9
7
6
6
8
3
9
5
11
3
2
12
8
6
7
8
3
3
4
5
4
2
4
1
5
7
10
4
3
4
3
9
5
2
6
3
3
4
10
3
4
9
11
5
1
9
7
4
9
2
7
4
4
10
4
7
3
7
11
7
9
6
6
5
3
5
4
6
8
8
5
2
5
7
9
4
8
8
10
2
5
5
10
7
3
2
5
5
6
1
3
6
2
15
3
13
3
7
8
4
5
15
4
5
5
10
19
7
10
4
20
16
13
11
12
15
4
5
3
2
6
4
5
3
9
6
6
4
2
13
5
2
5
13
3
5
5
8
4
2
6
6
8
9
10
5
1
3
1
4
3
4
2
9
3
4
5
4
2
7
1
11
3
6
6
5
4
3
7
6
5
5
1
4
3
1
3
4
4
4
12
4
4
7
9
5
6
5
9
3
7
2
6
9
5
5
4
5
4
2
10
3
10
4
5
2
3
7
5
3
6
85
194
4
6
7
6
1
2
6
7
7
6
8
8
6
2
13
8
3
1
5
1
5
5
8
6
11
2
6
4
4
11
2
5
2
1
8
7
3
8
8
10
2
3
1
8
10
5
4
6
4
4
4
6
4
9
5
5
6
5
9
12
4
5
3
1
4
4
6
17
3
28
38
3
18
6
5
1
6
11
4
2
2
4
2
1
4
4
1
1
4
7
11
7
2
1
5
0
3
6
6
2
13
5
1
4
4
4
6
7
5
6
4
5
5
2
12
5
2
8
3
4
6
3
3
5
0
2
7
8
3
6
4
4
1
6
8
4
0
0
3
4
1
2
2
1
1
3
5
1
0
2
4
7
2
6
4
2
5
7
9
6
6
8
6
5
5
2
4
3
6
9
3
3
4
5
5
6
1
5
9
24
8
4
78
4
16
118
12
2
6
2
3
3
5
6
5
5
5
3
10
6
4
3
9
6
6
6
3
3
2
9
45
126
4
2
7
7
86
4
4
4
1
7
3
0
7
14
10
2
5
16
137
5
5
12
10
9
4
2
7
5
6
5
3
2
0
4
1
4
7
3
43
6
7
6
5
2
4
3
7
2
5
6
2
2
4
1
1
4
2
4
3
2
6
2
66
95
11
4
3
41
3
90
4
1
2
3
5
1
3
1
0
1
5
4
5
4
2
4
4
2
3
10
42
85
8
10
4
2
5
4
8
5
6
3
5
5
1
58
120
9
9
7
1
7
25
8
11
7
4
9
3
5
0
0
0
7
5
3
4
7
8
2
2
3
3
10
8
4
5
2
7
2
11
2
5
8
7
7
12
3
4
9
3
4
8
2
3
2
4
5
3
3
6
7
1
0
1
1
6
12
13
17
4
12
8
8
44
82
7
7
4
4
45
13
4
3
3
9
10
8
3
4
3
4
7
7
3
4
6
3
2
4
7
5
5
3
17
11
9
1
8
1
4
6
4
0
9
8
2
7
1
0
4
8
5
0
0
4
2
1
8
5
7
2
5
4
1
1
1
0
5
4
4
3
1
3
5
1
0
3
3
5
6
5
5
2
1
4
8
5
6
4
0
0
2
3
4
1
6
2
5
8
3
1
0
7
8
6
8
7
2
1
9
56
93
2
1
0
1
4
3
5
7
1
6
5
5
4
2
3
8
10
0
0
0
3
4
5
3
1
2
1
122
1
1
0
1
2
3
2
0
0
5
6
76
1
0
3
5
3
5
11
4
0
7
12
8
7
2
1
2
2
5
11
10
6
7
4
5
3
6
1
13
49
24
2
4
7
54
27
15
5
8
3
1
1
2
3
3
3
6
1
2
3
6
4
4
11
7
7
10
4
1
2
7
6
8
4
1
5
2
6
8
3
14
9
11
9
53
92
7
10
8
3
7
7
7
5
2
9
0
51
132
8
5
6
3
5
8
1
4
5
5
8
3
3
1
5
8
6
2
7
7
2
6
5
1
4
14
14
3
7
8
3
1
3
6
1
8
7
12
8
4
5
4
9
4
1
5
5
4
5
17
3
6
7
4
4
3
8
3
9
10
8
4
12
4
4
6
10
5
2
4
6
6
1
11
4
9
2
8
2
4
5
4
4
3
3
10
9
6
2
5
4
6
6
8
8
10
9
6
11
8
8
5
13
6
3
3
12
7
5
2
4
6
6
10
1
10
6
8
10
7
7
4
5
3
6
6
4
4
4
11
44
20
6
7
10
5
6
8
14
12
7
13
4
5
4
5
5
7
10
1
6
3
7
13
9
6
26
4
9
2
2
4
12
4
6
3
17
8
9
11
3
7
5
7
10
12
3
3
3
18
10
8
5
4
1
13
13
2
2
5
5
5
1
8
4
5
5
12
7
5
6
16
1
16
6
12
7
15
18
13
18
16
15
23
15
16
2
14
7
8
5
7
4
6
7
6
29
87
5
162
24
5
4
6
4
3
3
8
2
2
10
5
4
1
7
12
4
3
6
2
8
15
4
2
4
5
4
3
4
15
12
7
8
11
3
5
6
4
9
12
5
15
2
5
5
5
4
4
14
1
22
7
5
3
4
1
8
7
9
11
3
8
6
8
5
20
11
10
9
1
7
3
4
6
1
0
5
6
5
0
3
3
5
14
10
4
4
1
8
1
8
6
3
7
8
5
5
8
4
4
8
6
7
4
14
18
10
20
16
26
6
8
5
10
9
9
28
32
9
5
9
8
9
4
14
11
3
6
19
13
110
10
7
4
21
3
4
3
10
36
57
28
17
5
4
4
12
28
12
31
16
2
5
10
4
11
4
5
10
10
8
5
7
6
4
10
4
7
9
10
7
7
12
4
2
8
16
10
10
4
12
0
3
7
6
6
28
18
12
3
15
6
2
1
3
10
8
11
7
12
5
19
11
2
5
18
17
20
19
15
5
7
6
3
7
3
11
4
3
18
3
14
3
6
5
7
2
3
9
5
1
8
7
7
7
9
12
2
4
11
5
9
3
3
5
10
6
12
7
2
6
8
17
10
2
3
4
1
1
4
5
9
5
6
2
0
2
2
7
7
9
3
9
21
2
23
52
50
1
3
7
4
1
37
29
53
30
119
10
13
7
68
1
5
0
2
4
3
4
8
1
2
2
2
4
2
2
5
41
45
6
0
18
37
29
16
10
8
2
4
3
101
6
5
3
65
10
14
13
8
2
2
5
8
18
3
6
6
30
7
3
2
15
17
18
22
11
9
9
6
6
8
98
53
6
5
4
76
53
7
6
5
75
7
9
73
172
22
7
2
26
7
5
29
6
8
4
11
26
21
52
4
3
21
9
46
4
6
3
26
27
44
3
9
3
2
69
50
119
177
719
671
34
33
16
5
6
1
65
60
120
9
3
2
11
54
10
2
1
3
80
2
5
5
1
8
9
50
13
34
7
8
75
6
4
10
9
5
10
3
6
6
8
5
6
5
5
9
5
4
8
5
7
18
2
4
7
24
5
5
5
1
5
8
11
4
4
9
6
3
4
8
94
123
6
5
4
8
7
0
3
0
10
7
3
4
3
2
6
1
5
4
4
4
4
8
8
2
1
5
5
10
4
2
4
1
5
5
1
9
6
1
3
4
1
4
8
10
6
5
6
5
4
3
2
10
6
6
6
7
1
2
4
10
9
7
6
55
2
5
6
2
10
5
4
2
2
7
6
0
6
6
6
10
3
3
0
1
1
2
6
3
7
12
6
2
9
2
6
4
14
7
6
3
0
5
14
11
9
9
3
9
7
4
5
9
10
4
10
75
127
9
1
4
6
6
7
5
3
9
4
0
6
17
4
5
7
5
4
3
5
1
4
3
4
136
444
108
18
29
10
3
5
7
10
5
6
4
13
9
4
8
4
6
2
0
6
8
7
8
5
5
5
11
6
24
128
6
8
7
5
10
26
182
7
41
84
83
3
5
3
9
8
1
5
56
122
13
4
6
7
9
11
9
4
7
7
8
8
8
7
5
9
9
11
6
2
9
2
9
6
4
6
11
11
11
8
14
8
6
8
5
6
47
6
6
7
12
7
10
6
5
8
6
6
11
9
4
5
9
4
3
4
10
9
11
6
3
5
39
126
9
2
2
3
3
7
2
18
12
6
12
6
2
3
16
9
7
5
7
7
8
6
5
7
6
9
8
14
55
5
3
5
0
1
4
3
9
8
1
0
2
6
8
12
4
3
2
29
20
11
9
2
30
22
116
7
1
7
4
2
3
5
4
4
3
9
5
58
13
5
9
4
14
9
5
7
3
11
9
2
6
3
1
4
6
11
4
0
3
6
4
0
6
4
4
2
5
4
12
13
11
3
1
4
2
2
3
3
3
9
5
5
5
5
3
4
9
