157
219
142
226
114
139
172
189
150
149
148
155
154
138
162
190
126
193
84
105
126
152
196
154
180
304
136
83
152
109
115
238
212
144
150
168
162
174
141
102
199
137
137
180
341
138
154
180
209
171
215
209
141
148
161
137
255
189
225
172
225
165
523
458
156
98
125
273
122
75
175
115
187
151
176
115
124
118
136
83
110
139
133
105
229
347
270
165
138
137
116
148
168
208
90
137
141
121
100
149
536
133
152
168
128
291
281
211
639
186
102
1167
291
261
289
215
209
101
231
154
234
207
132
148
100
144
212
262
218
159
150
145
211
292
280
163
198
99
141
135
58
146
146
266
167
180
274
216
218
501
313
183
154
242
149
176
183
189
185
194
182
329
187
270
219
224
333
198
126
113
103
139
233
289
202
271
111
164
158
135
306
188
171
175
159
184
129
212
150
233
146
114
107
152
116
114
211
124
72
136
119
50
118
125
102
130
123
147
132
120
186
174
153
206
143
139
362
189
124
155
303
333
132
146
174
172
87
86
158
130
384
161
85
264
174
77
139
122
109
215
202
142
220
131
360
126
126
86
144
116
107
122
147
153
108
112
139
217
166
166
117
73
52
139
116
96
114
136
110
191
79
126
98
70
249
162
161
96
88
241
144
117
134
128
140
133
124
139
166
105
139
118
104
131
226
132
145
122
169
188
127
132
117
111
140
137
126
105
107
97
122
137
440
123
146
139
152
102
221
155
158
216
73
68
84
166
134
123
128
124
120
160
194
208
146
84
159
126
145
116
136
97
114
133
131
91
160
143
138
162
120
114
94
130
121
146
135
98
103
193
167
166
132
110
176
146
143
109
121
283
106
98
95
114
147
290
132
117
142
107
163
161
129
83
97
101
104
147
71
0
0
0
0
0
0
0
0
0
0
0
0
0
0
0
0
0
0
0
0
0
0
0
0
0
14162
17929
9088
9845
12810
11535
3339
3064
3862
5487
8563
8595
7148
6471
10766
5928
13729
18095
11034
24406
146
160
97
109
137
232
108
129
128
95
52
111
150
148
120
187
127
183
180
181
137
167
117
183
166
230
96
107
96
116
120
240
196
95
81
140
123
170
234
168
159
143
112
182
137
126
83
148
108
177
172
168
206
178
157
108
121
100
144
137
138
111
139
133
131
117
100
100
115
155
93
62
126
118
190
108
122
170
205
98
127
143
156
133
146
128
157
125
111
218
124
132
106
101
147
119
135
188
272
171
157
137
129
145
135
145
107
175
141
222
433
51
2876
2030
5989
2150
961
1800
2120
379
125
190
176
180
130
104
121
127
64
146
1993
6145
2910
4644
107
55
61
94
155
158
129
121
102
160
486
150
71
114
147
159
120
142
65
1460
2065
4299
3654
3170
2444
4513
4665
4285
2940
3429
3236
3050
9
13
9
13
18
15
10
18
17
15
17
26
18
20
21
9
7
16
17
29
13
17
15
20
16
13
15
11
10
21
16
15
12
17
20
13
14
15
16
17
16
17
21
23
15
16
15
19
14
23
26
40
59
18
15
15
30
17
19
19
14
18
25
13
17
25
17
23
22
16
21
17
14
10
14
18
21
19
15
9
24
44
26
13
17
16
27
15
11
14
32
17
12
24
15
16
19
14
18
16
18
13
28
18
27
23
20
14
22
31
10
22
20
25
29
14
35
19
23
17
22
117
23
24
21
23
420
33
34
41
34
38
34
19
12
7
8
164
8
7
9
227
1877
9858
4630
746
27
25
28
35
32
34
48
41
35
33
31
32
42
41
35
56
83
32
212
486
452
489
339
294
307
395
306
373
297
10910
20309
24142
8314
6796
3937
6256
3145
4603
5252
4285
5425
134
120
112
137
107
113
101
173
115
112
118
231
171
165
116
157
174
122
115
50
87
123
117
167
283
147
118
784
4573
130
132
119
133
123
86
130
90
118
114
121
62
84
128
147
128
117
304
187
249
342
192
115
275
328
579
531
344
400
88
677
547
1052
406
169
131
80
177
321
458
447
148
843
160
180
97
81
81
127
70
30
12
4733
4651
60
45
68
61
53
97
77
154
87
135
145
142
133
109
135
183
164
138
234
160
90
133
104
89
91
136
145
197
143
146
483
697
1626
2402
487
92
162
96
117
83
113
151
90
78
187
119
107
1339
85
108
84
120
89
155
235
156
107
186
72
103
111
111
92
89
134
144
120
108
103
83
93
55
72
82
98
95
75
116
86
142
117
128
65
110
99
77
172
94
80
86
94
111
83
82
68
58
73
87
87
136
114
146
105
120
1370
229
304
150
151
128
120
123
117
155
234
170
474
158
41
148
357
127
178
158
171
134
152
186
331
138
164
197
380
434
105
188
474
178
232
171
119
87
160
121
131
69
102
93
72
97
90
131
118
119
102
93
73
115
80
123
143
78
50
95
109
137
90
145
111
89
78
88
89
178
146
141
203
127
69
63
99
158
89
72
66
106
51
108
135
106
51
132
129
89
123
141
120
192
123
184
136
227
154
96
98
82
74
74
116
144
179
136
61
39
86
90
82
88
64
93
79
401
5390
846
61
83
76
95
188
122
115
153
70
117
155
107
140
124
153
102
139
137
108
107
87
188
221
105
97
157
112
159
153
181
101
126
134
200
193
179
220
218
82
135
148
136
113
172
141
122
159
82
109
99
113
158
269
185
132
115
101
111
75
76
86
67
92
137
54
82
45
99
65
71
129
128
155
98
175
138
49
58
103
91
137
258
120
115
124
125
132
117
116
103
99
96
71
95
381
131
118
123
79
230
107
48
115
350
138
146
142
87
177
193
205
158
110
251
116
131
151
114
56
65
213
107
96
101
102
96
93
145
90
106
121
139
94
184
301
549
140
188
128
149
179
92
136
124
107
98
139
163
116
167
157
116
101
68
111
127
125
101
80
102
181
128
95
91
76
53
63
81
189
144
140
169
309
138
113
74
131
82
87
85
156
461
122
178
109
150
288
106
160
99
112
82
99
106
88
87
123
51
99
102
101
84
91
82
97
96
130
108
115
104
69
59
122
106
89
133
83
64
107
164
174
141
653
257
163
123
85
128
529
112
277
86
105
143
154
102
104
120
126
164
92
414
107
107
89
107
165
120
109
83
120
92
97
78
176
283
87
47
92
100
130
170
131
137
117
189
319
203
122
144
175
167
171
116
298
336
351
133
202
197
132
70
99
698
2799
84
121
63
80
120
101
98
136
117
109
129
115
107
98
186
213
195
142
116
176
162
145
145
132
168
69
106
108
100
288
129
186
310
270
240
287
355
281
166
90
100
84
69
56
86
102
95
102
438
123
166
213
90
144
137
117
130
113
71
100
115
122
115
94
99
84
124
83
87
153
166
155
77
91
150
111
119
241
122
169
111
184
167
91
129
85
118
144
101
105
152
175
133
144
57
34
73
157
159
143
144
110
108
133
80
97
94
112
95
124
118
96
92
83
115
180
90
70
117
121
109
129
107
194
86
119
101
96
181
120
66
92
76
151
119
112
153
121
116
199
79
105
71
183
209
214
202
83
107
97
115
178
168
191
210
90
72
112
51
64
97
125
170
88
179
112
118
80
123
177
165
138
179
154
621
383
216
319
160
100
95
92
55
334
70
129
130
150
196
145
115
81
71
104
100
145
185
102
149
1061
622
222
150
101
481
121
107
168
20
124
293
338
713
6287
1461
579
278
204
2650
1226
823
551
540
546
742
2528
1831
700
81
123
85
119
375
630
541
180
1138
472
455
202
197
210
687
407
107
76
125
1035
374
255
201
169
218
287
135
132
137
122
125
117
65
82
169
178
127
125
175
107
134
167
177
197
212
132
167
485
211
76
111
98
84
120
87
146
80
151
252
149
117
95
199
125
91
137
128
182
131
573
239
398
1512
133
92
86
97
139
193
92
106
124
138
131
509
639
284
98
144
111
113
118
176
141
121
289
230
137
368
508
330
118
174
140
112
104
121
198
118
393
79
149
250
200
140
139
123
159
172
166
110
132
130
182
149
125
129
438
161
111
226
106
241
504
131
126
50
46
80
96
112
121
85
65
81
92
79
56
64
81
74
80
82
58
67
70
73
83
133
154
215
183
144
109
119
124
102
69
228
145
98
41
106
154
124
163
116
151
150
89
167
150
166
97
120
208
220
116
157
177
181
169
161
138
92
156
140
123
153
202
216
249
191
92
126
119
126
78
118
159
152
160
121
190
102
145
140
132
95
90
115
535
124
105
129
179
183
101
68
426
265
140
112
233
234
113
111
174
214
313
165
146
501
175
350
131
234
148
137
182
159
236
325
250
265
204
117
442
193
235
241
392
139
898
353
119
132
200
158
123
160
151
821
532
174
97
298
451
288
254
184
108
128
201
190
122
210
181
162
96
120
106
112
111
109
181
185
204
229
567
193
144
157
108
268
172
178
129
116
139
129
148
144
103
190
239
182
208
168
157
139
300
542
98
141
186
134
199
164
432
278
190
211
140
183
289
253
1350
50
116
50
62
50
245
337
150
221
712
482
267
308
278
244
302
678
455
115
301
161
123
161
176
141
126
115
222
154
1841
433
122
150
261
291
220
218
158
161
213
285
368
143
139
176
184
151
327
202
154
231
189
124
184
193
222
262
161
113
157
136
121
137
145
125
305
151
180
141
172
161
239
134
159
138
85
163
276
133
215
127
105
147
170
134
101
129
210
164
150
183
117
104
166
192
246
129
135
1665
3054
645
6555
260
98
85
83
86
71
94
307
137
202
174
202
117
68
67
165
267
335
165
182
122
211
159
140
219
269
170
99
300
384
279
91
148
127
106
170
236
146
130
128
666
301
97
118
150
94
150
189
126
263
621
274
154
186
145
141
249
758
302
435
774
271
101
135
146
198
204
252
407
240
804
722
157
208
140
1068
246
824
189
333
343
245
126
137
156
130
113
611
332
141
142
125
146
685
1780
1634
2159
2467
3318
2328
265
166
123
127
83
129
236
712
972
159
326
731
164
178
1121
271
239
570
223
220
355
246
108
133
186
98
122
200
262
207
237
113
84
138
119
118
151
268
296
363
160
114
122
111
164
109
135
251
170
139
198
140
141
201
153
161
85
144
120
143
143
284
190
174
124
87
163
205
144
166
254
299
147
193
155
330
179
299
437
661
328
276
169
160
194
211
246
165
393
364
445
269
222
209
276
155
201
244
226
278
277
697
304
204
227
191
202
228
370
179
175
236
199
191
149
134
108
232
201
264
215
292
198
299
243
339
485
432
178
229
345
417
400
196
204
495
301
304
253
663
821
702
178
322
395
238
162
232
539
593
475
781
390
272
162
357
715
601
282
154
525
157
208
247
171
422
417
169
142
138
421
461
369
810
345
159
297
133
209
161
125
109
87
391
937
483
311
171
286
227
259
196
184
432
183
118
311
175
175
236
341
134
240
214
208
163
174
230
442
1193
703
84
135
378
224
200
155
104
141
119
170
834
692
162
131
179
245
275
137
130
121
152
274
320
179
257
270
155
159
186
311
162
221
160
251
436
239
129
88
125
217
276
197
115
390
285
816
249
99
91
225
157
148
157
310
163
172
114
156
188
121
106
125
149
155
145
144
152
125
115
435
284
174
231
177
206
253
264
158
137
129
365
206
158
162
338
226
221
127
104
159
174
321
213
407
209
144
136
149
120
132
178
113
188
320
248
209
179
108
132
171
83
84
141
140
102
94
102
163
181
167
191
111
99
79
105
119
95
270
128
141
160
123
193
142
110
108
89
98
171
223
199
416
131
146
277
238
188
348
195
95
91
114
179
187
217
178
169
152
126
200
205
247
121
129
237
129
130
184
155
92
131
134
178
174
150
127
185
178
103
177
88
130
117
225
80
93
156
120
216
121
88
169
145
136
126
268
126
148
134
94
115
132
174
360
188
191
114
149
131
113
110
110
171
226
193
377
283
272
227
124
112
243
318
97
134
157
173
565
155
168
135
177
129
229
191
132
170
144
159
99
154
170
424
220
195
196
148
226
144
162
135
190
182
173
141
96
94
116
146
150
151
157
124
140
119
208
129
120
113
100
82
133
148
128
87
125
282
145
167
132
132
132
147
177
119
144
165
140
354
1089
125
137
165
142
137
178
144
125
148
145
102
160
134
118
131
144
171
93
173
142
105
133
147
134
203
176
222
283
169
198
137
153
183
107
146
110
153
159
142
114
48
69
144
135
168
144
132
164
117
99
141
108
142
113
142
118
116
103
157
146
128
127
150
119
158
113
88
121
189
165
97
159
113
209
198
153
150
102
169
173
102
120
151
91
113
122
151
116
116
126
86
84
123
134
145
245
130
158
140
649
155
102
124
163
227
136
116
172
222
168
155
112
159
165
130
154
176
161
310
439
88
109
95
103
145
133
130
125
141
150
114
117
147
114
114
143
119
115
146
112
707
221
169
486
351
149
126
181
116
105
120
128
195
164
128
158
105
152
175
99
112
156
47
100
124
110
119
156
210
213
137
557
390
142
131
199
176
187
223
93
107
291
280
145
151
85
124
214
198
184
172
123
175
184
174
130
159
249
148
160
155
180
150
191
193
133
172
148
164
146
221
161
211
192
302
220
161
185
308
128
134
