14
4
14
30
62
10
5
12
6
8
4
1
5
2
4
1
2
10
13
10
10
5
2
2
1
3
4
9
2
4
3
3
12
11
7
3
3
7
4
3
11
5
1
7
9
2
8
12
71
191
205
11
2
1
5
10
3
30
21
21
2
1
1
6
3
3
2
1
3
3
6
2
13
5
7
6
5
4
5
12
6
7
12
69
1
2
5
8
11
13
24
3
3
5
8
5
5
2
14
17
25
33
6
76
10
3
2
4
1
4
162
187
5
4
2
5
22
37
26
5
3
8
6
44
19
26
8
10
22
56
7
6
5
9
5
3
6
2
3
4
26
49
4
10
71
6
16
7
59
7
16
12
12
8
8
13
80
19
22
50
12
55
1
2
4
6
4
5
6
5
10
5
2
3
5
4
4
2
2
1
64
116
178
14
4
3
4
7
4
2
3
1
6
1
2
2
4
2
7
5
2
0
4
10
4
4
13
15
4
8
6
9
6
6
3
5
6
7
3
4
7
13
7
4
4
5
2
4
6
1
2
2
3
8
29
22
1
3
3
1
6
6
5
3
5
3
6
5
1
4
3
7
2
2
3
7
3
1
2
4
3
2
1
2
1
4
3
2
5
9
6
2
2
5
1
4
4
10
5
4
54
6
1
2
3
5
6
4
7
3
6
1
1
1
8
7
3
2
4
2
2
6
1
2
2
4
6
7
4
7
5
7
3
6
3
3
7
2
3
2
3
8
6
4
7
5
2
10
0
16
1
3
3
4
3
12
2
2
4
7
1
6
1
3
4
3
5
5
5
4
4
4
17
2
3
2
5
4
6
2
2
5
1
1
5
5
3
1
1
5
7
6
6
8
3
6
29
3
5
3
5
1
2
2
6
3
12
10
4
5
6
7
5
6
2
3
5
3
3
1
10
9
5
377
311
4
12
8
6
8
8
2
4
3
3
10
7
4
3
6
5
5
6
1
5
6
5
4
3
1
2
5
3
6
2
4
4
2
4
7
4
5
10
4
7
3
1
4
3
4
5
6
3
7
6
17
3
4
5
1
7
9
5
4
9
7
4
3
3
6
12
7
8
2
3
2
4
1
2
8
6
7
5
7
3
8
3
3
5
4
3
6
3
6
9
6
5
4
5
5
4
3
2
3
7
6
3
5
6
4
5
2
12
3
2
3
6
0
7
4
3
1
2
5
6
6
3
283
289
5
1
8
7
6
4
4
4
1
4
1
1
4
4
18
12
12
2
2
1
1
2
2
2
4
4
8
4
2
3
15
4
19
9
4
10
5
3
6
8
6
6
4
5
1
5
4
2
6
3
4
4
6
2
5
6
2
2
3
4
2
4
4
6
3
3
3
1
6
2
5
5
5
4
4
4
0
7
2
5
6
5
5
2
4
5
3
3
5
5
5
6
4
5
7
5
3
3
3
19
4
5
17
11
6
4
6
1
4
7
7
13
6
10
2
16
7
9
6
4
7
7
5
4
7
4
5
5
4
2
14
11
4
5
3
11
5
3
3
6
5
2
5
2
4
2
2
3
2
6
3
6
8
7
9
7
6
8
7
3
4
3
7
2
2
9
9
11
4
5
6
10
14
8
8
3
8
11
4
6
3
4
5
1
6
5
3
6
14
9
6
5
4
26
5
8
4
17
6
8
8
16
4
8
3
18
22
6
2
2
1
6
3
2
20
15
8
13
5
3
6
1
6
5
7
3
4
5
3
5
7
19
5
6
2
7
9
5
5
8
7
2
3
2
3
5
1
3
1
3
10
5
2
4
1
10
4
2
4
4
5
8
4
6
4
4
14
2
4
5
2
4
4
9
3
5
4
1
5
3
3
5
5
3
10
5
5
4
11
4
6
4
3
5
15
5
3
4
7
4
6
9
5
4
2
5
3
5
4
25
1
26
5
3
17
4
1
3
2
5
2
16
3
1
9
3
4
6
2
4
4
3
5
10
8
7
7
10
7
9
7
5
9
2
5
2
3
5
4
3
3
13
5
3
2
4
4
6
2
1
3
3
6
1
6
3
3
7
1
3
1
5
3
4
8
6
1
1
1
3
2
5
5
4
2
2
2
4
3
6
3
8
3
5
2
4
2
8
2
6
8
4
1
2
3
2
3
5
7
5
11
14
8
8
4
11
5
9
2
2
7
5
3
3
5
3
5
4
5
11
5
5
8
8
2
6
3
2
65
307
104
2
7
7
3
2
0
3
8
5
7
5
6
2
6
4
6
2
2
3
3
5
3
4
3
5
2
5
4
6
4
5
3
3
0
4
7
3
1
5
3
3
2
1
3
5
5
4
11
2
6
3
7
3
6
6
7
16
6
6
4
5
1
1
3
7
17
13
19
69
13
10
6
2
3
1
7
10
1
3
1
4
2
2
0
2
3
9
2
1
0
6
6
3
5
0
6
4
3
5
4
3
1
1
3
4
3
1
3
4
3
5
3
3
3
1
6
1
3
3
5
2
1
8
5
2
11
5
1
0
4
5
3
3
4
3
6
0
10
2
1
6
0
0
8
1
4
3
2
1
1
2
6
2
0
2
2
6
4
9
3
1
2
7
6
4
7
5
3
2
4
6
4
6
1
3
5
5
6
5
2
8
7
4
1
8
5
29
4
6
94
2
176
180
14
2
1
2
2
1
1
2
3
4
6
5
2
0
1
4
5
2
5
4
3
1
12
1
4
4
3
171
0
179
5
1
2
6
2
117
1
3
3
1
4
6
1
0
7
2
6
10
7
2
70
161
137
5
2
11
4
4
2
3
4
5
7
3
0
2
4
0
3
3
6
4
7
1
184
0
3
6
7
6
1
1
2
2
5
3
3
5
3
1
2
4
4
1
2
0
6
2
2
2
2
2
145
139
7
4
2
4
55
136
7
134
3
0
7
2
3
2
0
1
0
0
3
2
1
2
4
4
5
2
3
2
1
3
7
56
122
14
14
3
3
2
1
10
3
16
2
4
1
8
140
85
183
6
6
5
0
4
5
187
15
9
2
8
4
4
6
0
0
4
5
3
1
4
6
7
4
2
3
3
5
7
5
3
3
1
6
4
12
4
6
10
7
5
5
4
6
3
6
2
2
7
4
6
2
2
3
3
3
7
4
4
3
1
0
2
5
16
9
6
5
7
4
5
4
56
124
6
3
2
0
194
2
15
2
2
2
17
5
9
2
5
1
22
7
2
4
4
11
6
1
7
2
6
8
6
6
13
7
9
6
3
5
1
2
6
4
1
3
6
5
4
2
2
1
4
13
3
0
4
1
4
8
4
8
2
3
2
3
1
1
1
6
1
2
3
1
0
3
1
0
3
2
5
3
3
3
2
1
4
13
3
2
1
1
0
14
3
3
3
4
0
3
8
2
0
5
4
5
8
10
2
1
9
173
135
2
0
0
1
4
7
4
1
3
6
5
4
1
5
6
0
2
1
1
2
3
1
0
5
0
145
4
0
1
0
1
1
2
2
0
7
7
105
14
4
2
7
4
3
8
3
4
7
8
6
6
3
0
2
3
4
3
8
3
10
3
8
3
3
1
1
7
18
31
11
2
8
23
22
33
16
7
2
2
0
1
3
2
3
2
3
1
4
1
2
10
4
3
8
5
6
3
10
3
2
2
4
4
3
3
3
5
2
8
1
18
10
10
9
4
179
141
2
5
6
1
2
6
3
2
5
1
3
8
101
132
121
15
6
1
2
7
3
4
6
5
4
2
3
0
5
6
5
1
2
3
10
2
5
3
7
1
0
8
9
7
6
2
8
3
1
3
5
4
11
6
8
7
8
12
6
3
6
2
4
3
4
5
14
2
5
4
2
5
1
3
4
5
13
6
8
3
6
6
5
5
6
3
4
8
6
4
2
1
17
7
4
10
2
2
4
3
1
2
1
3
8
7
6
2
0
11
0
3
2
4
20
4
12
7
7
21
5
11
5
15
6
5
1
4
8
8
4
6
6
3
7
1
3
14
6
7
14
3
2
2
3
10
8
3
4
1
8
45
35
10
2
10
8
4
10
17
25
5
9
5
5
3
4
5
6
3
5
0
5
2
5
7
6
0
3
32
9
7
3
0
32
3
5
0
2
5
18
14
16
6
2
6
8
10
10
3
5
3
36
9
6
9
3
5
1
5
8
10
7
2
2
4
4
2
9
12
20
2
9
4
27
17
23
16
45
8
12
31
10
11
40
17
11
2
64
62
1
6
10
4
13
8
11
8
5
6
5
10
2
31
16
11
5
4
3
3
5
4
5
2
2
5
1
7
5
4
9
4
0
1
2
3
6
11
5
2
2
2
7
5
1
10
10
9
9
8
8
11
7
4
4
6
6
9
17
4
3
2
5
5
12
7
15
13
11
12
7
4
10
3
16
4
6
6
11
3
16
20
22
7
15
19
2
30
4
2
10
1
2
4
13
5
1
3
2
6
9
16
4
9
2
8
4
5
3
5
5
1
5
4
4
9
1
2
7
5
4
3
15
14
8
17
4
34
32
2
14
4
3
3
44
7
4
88
20
11
10
9
6
8
14
23
9
3
4
24
7
136
54
12
6
10
17
6
4
17
36
69
48
22
4
8
2
3
25
14
25
28
5
4
5
7
5
8
7
11
26
5
10
7
7
4
4
17
3
10
9
9
9
8
12
1
1
117
6
7
6
6
6
1
4
6
10
4
22
16
7
16
15
8
3
5
13
20
14
12
7
27
4
5
7
15
15
19
24
17
7
14
5
2
4
4
11
9
5
6
12
7
8
6
8
6
4
0
6
2
5
13
17
9
5
8
8
7
2
5
15
7
10
7
3
3
6
6
6
15
3
5
7
6
22
14
5
8
6
2
1
2
3
6
5
4
4
3
0
4
3
2
4
9
1
7
14
14
3
85
96
0
2
2
8
5
2
139
45
62
177
176
14
8
7
195
3
5
3
2
3
7
6
6
0
3
3
8
2
3
4
135
78
4
5
3
18
13
26
16
15
14
4
3
121
6
9
104
8
9
14
6
6
4
6
1
13
8
7
4
10
46
8
1
2
3
15
23
8
10
12
11
13
7
13
7
133
19
87
4
2
4
102
79
3
4
4
124
6
3
121
192
188
26
2
4
10
12
11
109
4
8
5
15
50
35
64
5
2
2
11
132
15
4
4
1
41
36
65
4
8
5
3
3
85
95
167
1039
193
63
51
18
7
12
16
1
244
174
10
3
2
19
54
25
6
3
2
113
7
4
3
4
21
9
67
19
99
3
46
168
5
0
8
5
7
15
108
3
3
1
4
7
6
8
23
8
5
4
2
4
6
7
7
8
2
3
6
15
14
5
7
4
9
14
11
55
50
42
13
8
18
1
193
176
5
1
6
3
11
3
0
6
0
11
10
6
3
1
12
1
1
4
1
2
3
3
0
7
4
1
1
1
6
4
4
3
5
5
1
2
2
1
7
4
3
1
1
3
1
6
8
5
7
1
4
5
6
3
3
3
3
7
7
3
2
3
4
1
2
3
8
9
7
132
1
1
11
4
6
4
6
4
2
0
3
6
0
4
4
6
10
3
1
1
3
1
5
2
7
5
3
3
4
1
4
4
13
2
5
3
0
3
12
7
12
9
6
5
5
9
2
1
8
8
4
6
191
181
8
2
3
2
4
6
5
7
3
6
3
0
4
40
35
14
28
3
5
2
3
3
6
5
3
11
278
466
29
64
29
3
3
5
10
2
6
4
4
7
6
10
7
8
1
2
7
6
8
3
3
4
3
10
3
183
176
9
3
3
2
2
7
138
161
36
115
55
38
4
5
3
4
3
2
1
185
173
10
3
4
4
7
7
11
10
6
3
11
6
4
5
7
18
14
9
5
3
0
1
7
3
6
5
7
8
6
5
3
7
3
8
7
2
3
5
9
74
4
2
1
16
26
21
19
4
3
7
4
5
8
9
4
3
1
7
6
2
1
5
151
6
6
3
2
3
185
186
11
2
2
12
0
3
2
4
2
4
7
8
5
4
6
1
6
9
9
1
1
4
5
3
3
2
3
5
2
6
4
2
22
58
6
4
3
0
4
2
2
5
8
1
0
0
2
3
4
11
2
5
1
11
141
124
36
6
3
196
48
290
2
2
0
2
3
4
3
2
5
2
3
4
2
4
4
182
10
4
5
3
14
6
9
7
2
2
11
5
2
7
4
3
2
6
6
2
1
0
4
2
6
4
0
7
3
3
6
4
24
62
117
10
2
3
1
1
2
4
5
4
7
1
6
4
4
2
4
2
4
