41
42
31
44
42
30
34
42
33
38
45
49
53
42
30
27
31
44
35
34
36
32
58
61
32
17
24
28
40
39
40
42
26
31
43
22
29
43
39
39
34
62
37
28
37
52
58
71
74
36
37
63
41
40
37
66
73
56
34
30
26
35
43
24
44
25
32
34
44
58
37
25
43
40
32
26
35
62
63
58
36
44
36
38
37
45
24
31
29
34
32
90
149
84
50
60
56
84
39
70
74
88
206
36
34
41
47
50
45
51
69
60
32
39
43
27
101
73
44
37
29
70
45
41
42
26
45
41
41
49
64
60
69
108
82
79
85
72
42
72
46
57
44
56
63
36
42
93
96
73
54
74
61
33
43
25
30
79
59
30
53
27
55
24
44
38
18
24
28
32
53
75
42
59
49
36
33
47
22
61
92
44
40
41
40
36
33
42
33
26
39
57
58
53
94
53
34
33
31
31
39
68
100
64
37
65
36
35
47
60
97
161
81
46
40
43
39
36
71
98
70
76
60
32
40
37
34
29
29
31
45
29
38
35
55
62
31
30
12
44
43
34
17
38
28
21
28
20
30
14
28
42
35
21
44
43
43
36
49
37
31
39
31
73
60
36
20
32
58
28
28
52
56
62
40
31
56
36
31
29
24
25
31
24
28
33
37
26
30
41
30
32
50
56
26
30
36
34
50
18
24
36
32
69
74
48
42
34
61
37
45
48
34
28
20
32
32
31
41
34
25
16
16
31
54
33
24
33
42
41
43
31
30
48
33
36
33
41
28
19
22
28
48
42
50
76
44
79
66
27
37
28
72
29
45
32
30
35
30
21
25
19
21
35
34
30
44
27
52
74
42
30
15
36
57
41
53
50
21
70
46
27
37
32
47
52
38
31
32
25
33
48
42
45
33
31
42
46
30
41
70
31
27
29
29
43
73
57
33
55
56
71
53
48
44
45
36
43
53
53
31
42
21
16
48
54
18
34
27
26
31
44
34
38
39
55
30
21
23
54
45
51
92
63
44
38
26
34
28
26
23
19
39
44
29
38
20
19
59
33
37
33
34
38
23
36
23
33
36
34
35
25
45
33
38
38
31
58
35
24
15
40
31
32
47
39
49
41
30
28
35
63
29
25
45
46
32
48
49
35
21
35
22
35
26
40
26
34
38
35
25
25
31
41
54
21
26
21
36
24
22
26
50
29
21
47
37
29
53
58
50
45
22
39
39
38
20
34
45
40
26
28
26
33
30
32
38
14
47
38
46
53
42
23
39
33
28
31
56
26
43
27
38
44
36
30
34
35
44
48
25
25
20
32
29
36
34
33
52
43
41
33
46
37
28
24
38
45
30
66
45
32
43
27
53
39
69
30
35
28
31
48
42
17
25
85
41
31
26
48
58
40
49
56
37
75
42
33
15
51
70
62
106
53
48
37
29
31
53
27
23
37
28
33
36
25
17
40
32
30
24
25
64
28
15
34
29
113
33
29
31
35
33
39
22
47
26
26
17
44
56
51
39
35
36
33
22
81
61
26
46
42
34
33
21
44
41
44
27
18
31
52
68
68
57
33
54
26
36
29
54
38
43
37
45
55
12
37
22
26
23
27
44
40
36
29
23
19
26
25
11
42
30
35
51
39
32
49
55
27
25
17
44
35
26
29
40
36
21
25
25
25
23
15
47
33
25
30
30
25
25
43
75
26
16
24
21
29
22
23
48
28
14
44
25
26
17
18
9
19
47
37
102
51
48
48
20
25
19
32
32
33
30
30
34
32
32
24
24
23
33
38
70
30
65
86
53
45
36
27
39
45
33
30
41
18
38
33
82
41
27
34
40
33
42
34
41
44
21
53
70
44
54
32
24
26
30
29
47
48
43
49
47
34
32
37
24
20
34
38
28
17
26
38
20
17
40
30
26
25
22
17
20
36
25
35
104
40
47
22
25
21
13
17
17
23
22
17
28
19
21
29
36
28
23
14
32
34
24
19
29
36
39
36
49
69
36
31
20
17
26
18
9
27
22
14
26
16
32
25
23
39
18
34
22
25
23
31
21
45
44
25
47
39
37
35
41
37
49
30
28
68
63
45
31
20
25
47
40
37
42
38
37
53
25
38
43
41
35
21
32
21
18
16
25
14
47
18
18
21
20
21
15
41
18
20
25
39
23
31
19
21
24
20
35
65
33
19
33
22
22
20
20
27
24
33
27
20
35
50
30
52
23
22
61
15
46
50
38
30
39
51
46
66
56
30
49
48
28
24
23
17
26
37
20
42
11
32
24
35
25
22
23
13
27
34
21
37
46
20
63
58
42
46
46
55
66
33
35
13
23
48
44
31
63
42
19
49
36
25
26
26
43
14
45
46
37
23
25
33
27
113
84
31
28
21
30
27
42
27
110
23
22
37
16
11
34
21
64
67
44
24
37
14
19
30
56
15
27
38
103
33
34
30
33
22
58
24
40
37
28
59
46
30
50
29
24
23
37
42
39
26
48
33
68
28
71
85
109
33
54
53
135
72
94
81
23
56
42
42
44
63
66
62
29
18
18
16
17
41
41
119
46
50
61
77
80
67
47
40
45
47
75
51
60
40
37
27
15
88
31
31
23
18
16
21
14
20
18
63
57
38
27
22
17
23
21
55
75
24
125
123
58
81
87
58
19
61
74
44
58
32
78
86
45
33
23
47
48
40
32
23
32
40
42
26
20
27
24
17
16
36
27
24
23
17
18
49
13
37
49
21
13
85
66
37
38
40
37
30
61
63
39
30
20
22
29
63
62
35
79
35
52
66
89
29
47
34
45
42
19
7
36
25
17
42
76
35
26
18
27
22
58
32
41
26
37
73
30
30
32
65
27
57
119
89
76
35
46
42
99
57
27
37
18
43
18
19
50
62
41
30
21
30
26
38
28
28
40
38
35
25
58
40
45
47
30
19
21
31
19
28
45
21
29
28
27
55
25
56
47
19
32
44
17
12
20
26
55
53
52
56
76
94
52
43
58
33
29
23
30
37
33
33
37
56
33
30
34
67
67
60
57
53
48
57
73
51
63
50
45
61
62
23
29
24
26
31
40
54
85
49
32
50
34
45
43
42
38
43
14
16
28
37
16
62
65
36
19
30
41
31
25
30
22
33
49
32
31
36
23
26
37
13
26
17
39
19
35
66
45
28
30
24
14
19
59
58
57
38
19
22
21
11
55
46
65
31
69
23
18
9
18
37
59
34
45
25
24
89
62
60
78
52
68
80
44
56
36
27
30
20
39
29
28
21
22
42
29
17
14
26
11
19
38
28
41
63
160
141
59
29
25
16
35
39
71
61
26
52
50
24
14
35
19
22
16
15
14
38
12
24
20
36
18
28
26
17
28
13
32
30
38
33
27
18
39
27
37
27
15
28
78
67
46
37
84
57
83
41
50
25
30
25
16
24
84
34
45
34
26
23
54
59
67
49
29
58
84
71
60
40
23
23
26
45
25
25
28
33
17
42
33
33
30
21
77
63
65
30
30
42
46
20
46
35
24
26
26
15
27
42
26
46
37
30
20
40
29
13
45
43
36
36
39
54
48
54
33
53
28
27
29
52
34
28
92
42
46
61
29
81
42
57
54
32
36
41
33
61
26
35
71
37
62
35
39
92
50
32
22
35
42
43
53
47
33
28
30
24
22
23
25
30
34
23
29
10
44
32
48
37
35
56
36
22
32
26
32
42
32
37
32
35
44
18
46
32
29
26
18
24
16
40
26
68
35
22
36
43
73
55
77
35
35
23
31
38
52
43
40
10
44
46
45
13
27
46
61
25
17
57
41
65
53
45
23
40
68
49
44
31
59
30
28
43
72
74
68
51
58
49
39
41
76
67
52
27
43
65
51
39
57
37
31
41
52
34
40
45
33
48
40
48
104
46
24
56
74
45
37
44
37
49
33
34
80
52
39
56
70
84
43
29
37
39
57
34
37
39
47
28
36
44
31
46
20
44
44
26
37
51
32
65
51
49
90
46
36
43
66
52
39
60
60
50
53
55
43
30
53
98
24
37
33
43
42
60
46
85
51
49
51
165
54
50
109
56
66
19
32
34
31
31
24
43
31
29
48
36
27
42
30
33
45
33
108
33
32
39
21
45
24
29
93
47
34
45
48
50
44
33
48
42
58
41
32
58
25
64
36
50
94
98
45
47
62
71
74
35
33
43
18
53
44
39
50
51
48
24
47
56
44
51
43
40
52
59
45
35
58
29
28
39
39
39
40
70
33
33
24
43
50
50
39
36
74
64
48
37
31
83
22
37
31
27
48
45
52
77
56
24
38
34
84
76
60
32
30
52
34
57
48
63
42
75
98
109
99
39
41
53
47
43
33
38
48
62
39
22
36
30
45
39
48
628
447
142
130
118
85
52
74
55
83
130
49
34
40
52
48
47
81
72
91
97
44
43
81
87
114
67
84
57
54
47
118
67
48
132
77
72
49
54
44
44
42
49
213
114
104
74
67
44
36
58
39
86
97
126
103
85
76
121
102
83
80
95
97
101
67
59
43
45
28
35
54
38
52
43
22
40
50
36
29
64
58
54
25
23
41
29
41
61
82
37
39
45
37
48
36
38
72
28
28
53
44
66
33
32
16
27
56
47
48
106
104
82
53
45
55
72
67
56
59
129
60
44
31
40
34
59
69
87
55
62
45
143
44
45
56
45
92
107
84
54
92
105
70
70
26
39
33
47
28
35
34
25
48
59
71
71
63
72
87
114
124
64
58
108
117
94
53
75
89
92
80
123
118
59
111
112
78
60
73
145
135
68
126
50
36
80
133
101
128
84
116
38
60
57
75
71
59
58
36
137
86
126
103
97
71
64
69
105
35
30
22
120
131
97
101
95
108
85
84
76
112
39
79
59
40
45
97
91
137
86
72
57
77
67
130
93
30
26
96
85
63
27
28
31
38
71
72
117
82
158
95
95
38
51
49
39
69
88
54
75
80
82
49
109
57
30
65
85
76
52
40
46
62
103
66
85
48
94
167
64
26
37
28
38
102
49
35
29
40
47
24
15
26
37
56
31
29
29
29
57
73
52
35
34
30
60
55
32
36
73
37
47
51
131
137
79
92
51
46
95
90
80
74
27
30
44
27
42
44
39
67
46
18
42
18
38
24
19
27
34
24
22
24
60
32
23
31
33
28
34
24
45
45
52
26
29
49
48
25
38
27
30
53
49
48
41
28
64
367
50
445
153
32
29
17
52
39
42
24
31
41
61
44
28
45
41
34
23
25
21
43
25
36
36
38
23
39
23
20
19
25
43
41
28
32
23
32
55
36
28
63
36
26
58
55
68
32
34
31
34
23
49
50
27
33
35
34
34
19
39
39
70
72
20
78
72
55
35
78
61
36
39
97
52
40
43
59
40
43
48
55
73
40
44
24
27
56
83
55
54
40
23
38
55
66
59
38
39
31
25
19
39
35
34
45
73
52
37
48
40
44
90
119
129
47
51
33
65
54
85
42
129
46
50
54
51
28
30
32
160
146
43
76
41
36
33
22
39
48
40
52
51
44
37
58
53
28
67
47
50
65
57
51
40
33
24
58
39
41
35
19
50
37
39
33
32
24
38
44
44
24
71
35
33
31
17
41
31
25
32
25
24
49
25
23
43
36
57
43
52
25
30
43
34
25
29
54
76
39
38
91
42
40
15
42
31
31
28
49
36
28
37
34
25
32
44
28
28
56
69
66
51
73
77
45
41
24
41
39
47
51
63
34
81
37
31
37
44
40
31
17
40
34
27
28
27
27
19
33
48
32
16
34
32
28
22
23
470
783
128
850
303
71
33
78
28
18
36
33
43
24
50
25
31
26
37
26
34
29
33
26
34
33
35
29
98
402
35
29
31
62
61
46
37
75
66
40
45
66
24
38
39
46
43
27
32
37
37
43
40
58
88
31
48
30
33
31
27
33
35
30
34
35
33
27
46
22
23
44
