65
52
74
133
33
30
43
54
34
34
46
77
39
36
39
30
36
38
39
32
33
43
35
58
58
42
39
25
25
36
39
71
57
41
31
42
37
26
37
36
44
61
79
44
45
60
44
54
96
424
195
179
46
47
47
42
78
54
102
97
45
59
51
38
36
38
56
36
41
40
26
63
41
50
53
41
29
34
62
48
46
48
64
65
218
112
39
53
53
55
64
77
47
34
46
44
34
34
31
38
73
74
95
45
217
141
68
58
70
53
37
418
183
50
38
27
80
52
68
72
95
82
48
40
52
78
101
96
72
50
37
182
123
57
41
32
59
43
49
47
40
39
81
82
165
64
120
266
174
93
61
91
50
58
64
66
64
54
69
214
128
90
142
84
178
69
109
37
47
36
29
142
84
58
98
27
37
85
65
38
43
33
25
33
411
136
315
121
84
60
65
89
57
91
76
52
83
72
30
54
49
77
49
45
53
55
37
52
44
62
53
52
59
39
43
29
31
39
61
53
96
83
62
68
74
45
59
55
59
54
67
62
75
70
46
23
25
57
134
178
154
134
79
43
41
51
55
26
31
34
40
78
47
39
34
35
51
27
40
23
34
62
50
47
35
39
35
35
30
25
44
24
20
48
49
45
37
56
47
64
55
42
43
48
59
48
42
96
29
43
56
27
58
46
53
50
31
57
54
38
43
53
72
56
33
34
19
33
69
33
31
20
28
51
35
39
39
48
53
50
71
87
52
52
73
49
43
44
38
40
47
114
101
60
33
55
36
68
28
30
59
16
56
15
64
27
64
42
44
32
33
26
22
52
61
43
38
59
54
51
65
70
37
49
73
38
36
49
51
33
29
30
40
47
66
37
80
66
56
69
68
56
43
34
46
47
67
28
46
34
36
47
36
25
28
28
42
34
35
50
70
43
200
93
52
33
33
45
26
41
92
71
30
408
678
78
23
44
57
37
52
41
57
33
37
48
35
34
55
46
55
51
63
51
41
67
68
58
45
26
61
42
268
307
58
46
54
59
45
58
73
77
37
29
87
57
47
53
39
50
68
37
49
49
74
50
33
35
43
25
46
46
39
72
48
33
28
42
37
97
49
69
62
96
116
70
36
34
37
48
48
46
53
31
42
51
37
36
38
31
31
37
54
48
39
38
66
35
54
53
46
39
34
34
32
52
37
69
41
36
40
53
43
45
34
30
33
78
72
35
27
29
39
63
49
39
67
47
33
33
72
53
360
559
73
56
35
34
38
33
36
38
64
63
50
48
41
47
35
43
71
54
51
48
22
39
38
19
26
31
49
61
41
37
32
36
43
53
70
80
50
30
65
97
55
31
40
39
79
63
65
34
42
45
32
44
87
39
35
30
39
39
60
61
35
42
38
58
57
53
56
48
48
57
46
28
36
55
34
64
78
69
80
60
47
52
41
53
35
66
47
60
66
82
81
52
43
39
48
42
53
80
53
60
72
41
44
69
50
56
173
65
49
45
34
57
62
57
47
28
54
30
43
41
66
182
86
40
70
48
57
59
62
71
33
25
112
79
57
120
118
62
63
57
43
46
66
54
51
61
43
39
27
60
28
35
33
40
56
50
38
104
43
54
37
60
51
46
59
50
56
35
53
44
36
52
47
27
32
68
46
68
78
47
40
56
54
54
33
46
43
37
46
51
66
45
53
43
75
47
65
36
32
30
39
140
86
107
46
80
59
36
54
39
31
47
75
93
48
48
38
38
27
30
35
48
40
86
81
61
50
26
36
37
31
33
46
36
33
45
41
59
64
42
87
65
51
59
75
80
93
43
47
50
39
44
24
60
51
46
50
56
58
59
43
36
32
28
29
38
33
43
24
30
38
34
44
59
34
48
37
58
47
61
43
32
37
30
43
54
61
53
53
115
62
42
47
47
42
21
48
52
52
49
41
37
52
67
43
49
27
24
22
45
125
59
135
70
193
64
76
36
52
35
42
73
60
58
38
26
30
36
25
23
69
73
39
39
64
40
34
54
27
55
107
68
73
56
94
45
53
44
58
54
62
82
99
74
43
60
39
35
36
23
49
77
52
29
55
38
53
21
32
48
46
34
37
29
30
30
38
29
41
46
28
23
74
36
25
21
21
27
32
21
31
28
24
38
48
43
34
23
39
33
58
10
49
13
58
39
49
60
52
53
67
49
59
53
45
22
40
31
34
23
21
25
26
33
27
35
129
115
247
38
190
51
23
28
15
29
117
155
53
59
51
54
48
37
62
39
81
56
46
49
61
40
42
129
46
54
796
315
52
62
56
51
72
73
82
55
56
57
38
46
71
48
33
43
29
42
60
37
43
44
30
25
49
33
46
35
36
29
45
31
39
40
52
44
38
30
42
48
70
61
30
50
65
34
29
41
47
35
48
45
36
41
63
51
54
108
60
45
45
28
40
79
69
39
45
55
51
57
77
101
65
119
135
72
72
60
27
38
30
42
31
41
40
28
29
28
46
29
30
38
38
27
90
47
33
24
33
33
56
79
81
48
34
55
65
35
51
36
25
63
74
61
89
104
79
46
63
54
50
28
40
44
76
41
112
76
67
59
110
40
55
57
64
47
36
39
35
31
38
50
60
59
40
21
44
43
28
36
33
20
135
74
43
50
29
33
19
83
58
39
28
38
31
53
48
39
40
39
39
51
70
67
56
36
70
54
51
64
55
46
30
30
33
63
67
33
51
69
60
76
57
174
78
305
127
69
483
40
335
182
265
68
55
109
72
76
117
48
142
81
63
34
26
20
16
90
38
62
86
63
80
70
50
84
153
81
73
52
67
333
195
185
76
56
44
37
44
149
112
36
37
33
21
75
28
27
23
80
91
55
37
36
15
113
261
149
94
102
66
125
72
43
51
92
47
47
31
40
60
45
115
58
62
67
63
57
45
39
43
399
67
60
43
29
58
53
45
18
29
33
34
26
34
53
26
29
38
36
30
23
24
36
46
26
28
32
46
41
311
306
42
67
51
42
48
410
62
137
29
34
75
103
50
40
49
59
187
46
65
90
40
47
44
44
58
27
32
24
36
37
35
106
136
148
51
33
38
26
50
59
59
49
56
52
139
54
53
241
299
172
48
90
128
85
73
85
409
77
65
49
38
44
46
28
26
28
45
52
74
42
50
41
44
53
49
42
59
62
104
76
58
59
49
83
84
66
61
31
27
52
35
25
27
27
31
34
44
21
34
43
84
50
43
25
41
38
108
50
89
138
206
99
140
71
112
102
75
91
83
61
62
33
46
63
57
146
101
53
47
46
61
363
190
149
94
34
73
50
53
82
55
87
124
87
150
63
55
30
145
39
38
29
106
57
58
59
95
81
51
53
56
64
76
45
75
79
49
30
21
35
47
42
127
87
56
57
127
69
50
36
41
27
40
63
39
54
31
51
36
26
51
43
35
32
38
31
52
128
82
56
52
35
58
24
27
32
71
62
58
47
38
29
28
87
43
56
42
72
111
57
11
25
28
34
52
62
38
59
45
44
89
82
57
53
82
490
202
31
57
128
38
31
34
28
87
45
21
43
37
45
51
49
35
38
42
25
41
59
57
69
84
87
213
195
62
475
34
22
48
70
65
82
73
85
73
61
22
290
39
40
28
35
23
29
45
40
27
31
47
48
40
37
52
29
29
49
48
43
59
65
43
29
49
25
30
47
40
36
96
113
96
71
46
83
80
102
79
55
38
40
62
31
45
44
128
58
48
52
58
44
65
99
74
67
45
49
57
140
113
71
57
48
41
34
65
46
43
64
95
42
40
55
54
65
44
69
88
77
480
174
51
34
56
56
31
30
46
49
47
25
32
31
69
427
380
151
58
34
24
39
47
29
49
44
38
51
63
58
72
113
73
99
61
48
56
48
38
51
46
38
53
63
57
48
101
56
49
84
67
44
59
50
69
64
35
40
57
60
32
120
56
79
96
75
47
28
39
45
37
77
69
43
24
100
39
35
29
41
156
36
49
45
30
43
41
87
63
61
82
87
117
48
47
39
49
115
52
54
39
53
56
39
52
46
40
39
46
40
33
45
36
43
44
59
58
48
31
50
79
84
69
94
25
52
60
35
40
74
87
56
50
36
49
68
47
35
41
33
60
43
40
66
52
53
70
65
54
33
40
109
90
84
61
73
45
38
34
82
136
153
50
74
70
54
53
74
98
79
67
66
73
99
70
30
39
101
70
53
45
56
36
49
44
73
62
82
133
103
94
57
53
96
96
37
53
50
66
51
46
47
81
136
91
65
53
66
140
150
77
102
63
78
67
69
80
67
59
78
61
53
34
58
52
43
50
78
58
51
67
54
72
65
56
55
117
57
114
79
127
56
84
67
167
170
103
90
77
75
56
318
233
65
49
39
53
54
47
144
96
77
70
54
74
51
56
59
102
53
47
53
22
40
15
40
41
30
36
136
35
41
52
66
42
58
58
139
38
55
473
40
113
49
31
71
77
54
493
27
60
80
150
87
55
42
66
46
74
77
51
71
63
36
65
52
52
53
59
56
76
84
93
67
52
64
42
37
52
54
76
53
69
34
90
74
66
44
94
74
50
94
61
41
155
98
57
42
68
48
48
42
47
39
125
37
95
40
79
41
41
82
78
39
44
148
65
31
41
61
69
42
37
26
53
75
68
82
68
116
116
50
76
29
100
141
57
78
47
51
40
119
54
59
211
60
61
93
71
91
99
79
58
60
72
60
74
78
273
224
64
30
32
53
54
76
83
70
158
218
111
75
46
33
62
63
78
103
77
137
65
63
31
45
75
60
61
105
96
93
162
84
81
62
61
327
174
58
73
71
104
59
112
47
44
74
217
123
83
86
55
77
73
56
54
69
110
223
131
104
75
57
58
88
54
85
95
89
177
127
62
169
93
107
90
267
84
172
93
142
93
60
79
50
40
31
45
55
51
47
42
41
55
75
59
61
63
63
76
65
35
33
40
50
47
72
72
80
60
83
67
61
60
73
57
45
53
32
42
57
55
55
63
30
38
51
72
55
76
239
127
80
64
77
100
97
75
52
83
62
190
82
59
84
70
63
110
158
223
127
150
138
104
45
66
59
62
35
67
550
151
162
397
257
109
89
72
469
23
63
50
48
50
54
37
42
53
53
42
58
75
102
148
320
329
191
76
51
191
165
158
111
63
43
95
149
122
631
95
169
73
258
126
119
104
172
560
266
218
399
258
183
58
192
108
158
107
97
102
111
95
106
81
102
188
110
124
81
255
210
576
170
255
78
54
84
211
157
64
62
45
555
99
120
144
445
411
140
276
80
181
64
89
482
58
66
63
60
140
168
167
130
80
92
120
87
470
99
114
68
73
171
223
127
27
65
43
75
64
443
103
205
883
639
273
120
72
96
87
59
32
603
248
189
82
139
107
104
157
87
122
55
74
503
85
69
72
70
87
102
146
80
431
75
184
245
56
50
53
48
58
160
156
112
78
51
52
57
50
28
43
46
65
104
55
48
49
52
78
77
80
80
69
54
59
72
53
28
47
81
60
70
70
125
184
298
108
152
58
397
216
208
132
80
101
47
29
60
38
47
39
62
44
60
50
45
41
25
29
33
38
30
40
45
26
42
72
74
56
61
57
69
66
39
72
36
44
52
50
56
75
82
78
51
51
42
67
56
87
60
88
63
43
118
98
50
86
63
86
42
35
120
56
63
53
37
29
31
52
64
95
70
60
183
48
35
53
52
54
50
61
40
83
46
44
33
44
22
26
36
57
44
44
33
36
35
60
48
59
56
113
63
78
48
74
57
51
58
78
25
34
36
41
81
59
51
59
55
60
44
31
48
62
178
82
52
160
58
538
187
294
72
76
35
64
59
81
72
56
66
36
58
52
95
84
51
52
37
40
27
51
111
208
76
67
48
64
160
239
67
114
57
65
50
48
31
54
48
78
39
57
66
57
52
61
41
69
67
76
116
96
51
54
35
46
100
98
104
37
387
156
82
25
56
37
35
80
867
237
152
159
80
42
55
33
43
51
56
50
64
401
197
85
51
65
70
57
59
65
76
74
75
59
80
41
41
42
139
50
46
61
42
34
46
41
58
48
24
27
43
48
68
62
44
92
50
41
42
41
61
32
31
141
45
43
49
94
42
54
47
71
56
22
62
65
39
44
37
26
38
40
36
92
62
59
162
51
47
38
25
51
126
250
164
58
49
50
39
45
41
36
60
48
31
40
66
84
87
71
68
78
68
79
52
51
41
103
85
145
69
275
139
118
81
108
154
169
172
79
41
37
22
22
26
46
65
34
27
44
31
33
47
38
56
45
43
32
33
83
236
109
102
96
63
432
172
162
25
37
30
28
29
57
56
52
73
55
29
31
34
42
30
309
121
32
46
36
84
81
53
123
100
41
56
44
24
156
67
24
85
110
84
62
30
46
28
70
101
65
53
36
46
54
58
46
63
79
136
171
41
41
43
30
43
41
40
48
37
42
50
49
52
30
50
49
27
39
39
37
