43
47
40
62
27
22
38
45
17
49
21
33
36
29
34
23
32
28
49
49
25
30
39
40
42
57
32
14
23
28
37
48
46
35
35
37
29
25
23
33
43
37
37
61
37
40
39
41
52
55
89
37
34
37
41
54
32
53
35
62
44
71
39
21
26
25
28
25
21
23
26
44
33
59
39
39
25
35
44
45
40
32
38
63
104
93
46
43
34
41
28
62
19
19
29
36
23
31
27
30
61
66
51
105
64
72
53
47
48
20
75
68
45
34
46
55
57
51
88
82
35
53
29
35
55
49
47
55
43
24
51
64
41
38
30
24
29
37
27
36
70
48
68
87
64
60
133
91
53
36
90
51
43
59
68
35
22
32
83
109
79
51
41
75
46
28
37
17
55
81
69
32
41
21
44
19
88
63
79
71
26
31
34
52
102
39
41
27
46
27
28
47
64
75
61
17
31
40
29
35
38
46
31
29
45
28
95
47
49
43
24
32
27
112
101
35
46
79
79
43
31
40
32
43
24
41
30
30
22
25
42
32
30
31
37
54
76
47
114
75
76
34
43
28
27
26
20
33
42
43
49
14
28
63
30
33
23
25
44
27
36
30
22
28
31
33
27
34
19
31
37
31
42
25
43
46
38
39
43
40
43
37
34
61
51
26
34
26
21
40
31
40
60
44
29
26
29
66
36
34
28
31
23
30
26
24
25
39
35
27
21
27
26
52
44
61
42
31
40
47
35
27
36
19
24
59
66
42
24
36
35
51
29
30
33
30
25
30
30
38
30
39
46
45
25
20
28
30
32
35
34
35
42
40
54
38
46
36
44
37
41
29
42
39
24
16
21
39
34
33
28
31
45
62
86
35
40
27
28
53
19
32
25
27
28
42
23
15
19
20
28
33
32
36
46
39
40
63
32
16
26
19
24
29
28
30
24
24
34
33
17
32
37
34
42
40
28
30
18
32
32
41
27
31
31
42
41
38
26
38
31
26
27
34
31
25
35
34
29
37
36
30
43
46
37
23
24
36
30
95
57
50
29
30
34
33
47
41
22
12
30
27
29
34
29
27
49
31
42
19
36
21
33
33
40
51
77
86
52
19
14
26
23
15
40
29
19
36
26
33
35
13
22
23
27
26
32
18
38
38
28
22
35
41
25
27
66
34
42
33
43
33
32
54
32
29
30
27
50
29
52
67
105
42
50
43
41
37
61
19
50
31
45
27
40
37
38
18
22
27
32
21
42
26
36
31
28
37
28
32
1758
36
55
49
21
20
32
34
28
34
29
130
44
50
27
31
39
54
70
46
57
60
36
28
48
41
23
20
58
72
35
25
19
23
35
36
21
35
32
29
28
38
35
64
30
26
27
28
34
46
43
64
44
26
30
35
53
26
33
29
36
48
61
36
30
26
38
30
27
38
38
45
41
37
47
43
28
28
30
30
21
35
55
43
36
31
32
44
40
34
94
39
34
27
23
30
37
32
31
20
34
70
20
28
20
37
39
45
21
40
43
42
41
38
27
22
45
51
54
63
58
81
53
29
30
56
38
34
35
27
25
24
35
33
43
40
40
29
28
30
52
47
24
36
36
31
90
38
37
41
34
26
41
25
22
42
37
20
27
31
43
54
42
44
43
35
33
23
76
36
43
42
34
34
36
33
37
31
32
41
34
26
21
40
75
61
38
22
52
53
28
27
35
47
37
37
36
33
31
28
34
20
18
27
31
38
47
40
31
33
17
18
27
26
29
29
24
28
67
26
61
40
29
45
25
32
30
39
36
24
35
42
31
29
30
61
55
29
24
41
30
29
27
23
20
22
23
24
17
20
18
33
24
24
31
25
20
16
26
14
33
22
14
17
15
17
24
23
29
32
46
60
33
83
25
25
21
35
29
34
28
28
34
30
42
32
46
21
32
28
44
53
34
52
44
85
43
26
26
20
44
52
29
22
46
29
26
17
47
22
19
42
43
22
20
56
37
42
21
22
56
44
35
44
59
30
22
31
54
36
39
57
34
39
43
41
26
37
33
24
25
34
39
22
25
20
28
15
22
25
16
22
23
19
25
20
31
28
30
31
20
37
24
24
14
19
25
14
16
17
25
21
23
18
29
21
21
17
18
27
13
23
34
24
21
20
33
34
37
35
58
36
37
20
26
20
17
26
38
15
16
19
24
36
28
26
27
22
155
63
39
31
41
28
32
33
40
30
32
34
45
44
35
40
49
25
45
44
53
34
44
74
36
29
41
47
38
45
51
48
41
39
56
53
66
47
73
36
30
34
31
22
58
26
12
19
32
23
49
18
14
22
18
28
19
15
23
32
18
45
29
23
18
9
23
25
28
39
30
29
27
30
22
18
17
25
27
23
24
32
22
32
46
19
99
56
28
22
60
14
43
36
26
23
25
41
53
42
42
26
47
70
40
29
34
19
11
26
30
41
57
23
42
48
54
23
9
18
26
16
93
42
15
24
18
15
22
23
43
22
54
54
53
25
35
24
18
40
37
33
49
51
41
35
38
39
26
26
19
38
42
32
48
56
35
30
38
40
25
26
23
25
30
31
22
28
22
35
48
36
21
41
23
24
29
29
18
41
64
35
13
25
14
17
26
23
20
27
21
23
23
23
30
31
21
27
60
52
41
28
33
51
27
40
23
53
21
20
17
56
40
41
34
25
26
80
27
39
76
92
51
39
21
30
32
89
49
50
34
32
49
42
39
28
30
101
60
23
16
17
15
12
95
30
66
32
48
36
32
112
59
72
44
53
56
115
51
46
36
26
32
33
30
31
43
25
29
19
12
19
51
25
34
67
49
38
19
19
20
21
19
27
100
79
32
87
49
36
31
56
41
27
17
59
92
29
59
36
53
72
34
28
24
18
12
39
29
13
44
54
36
25
16
21
25
28
16
22
28
39
23
14
16
21
13
15
33
24
14
10
26
34
27
64
57
33
47
30
17
31
44
33
20
19
25
58
37
29
39
59
97
22
200
36
16
33
30
68
23
14
15
20
17
22
27
64
51
19
24
61
32
37
33
29
30
35
110
84
61
32
50
67
40
35
30
65
83
47
31
46
43
38
25
24
26
26
22
18
24
34
48
40
38
36
30
28
52
42
33
30
43
52
41
23
31
25
40
32
41
40
29
24
22
21
15
13
17
13
44
18
22
23
48
35
20
19
24
22
12
16
18
18
30
53
31
37
39
72
56
46
26
40
24
23
14
18
31
22
19
36
33
19
28
18
50
34
53
18
40
43
29
72
53
36
41
57
50
61
31
29
29
40
31
29
33
43
31
37
17
23
28
32
33
29
33
19
37
49
30
22
21
19
25
32
36
33
23
20
43
33
26
23
30
32
34
43
30
22
20
25
16
23
42
21
11
29
19
16
33
72
47
25
26
18
26
19
28
48
54
35
23
31
16
17
32
41
48
45
48
40
28
11
12
15
41
42
32
36
36
18
28
51
53
39
54
46
87
64
53
94
38
36
31
19
25
48
22
18
43
33
34
20
23
19
16
16
23
29
34
36
37
203
201
36
39
25
30
20
30
55
69
210
71
75
43
24
13
40
26
22
17
19
18
20
22
120
10
15
28
21
17
22
25
31
16
29
28
30
38
31
17
29
14
26
23
23
30
64
101
92
56
51
58
63
55
60
31
24
28
27
11
17
40
44
43
27
32
21
38
46
49
28
32
26
48
100
51
51
89
46
19
27
37
26
19
58
36
40
16
35
21
35
28
45
45
58
33
26
38
32
37
19
31
21
21
35
23
21
36
38
43
52
159
37
30
25
30
24
26
26
42
66
51
27
50
42
52
28
30
22
45
30
33
32
48
27
37
16
32
35
28
55
44
25
38
54
26
30
34
52
30
35
55
33
36
61
32
43
89
58
45
25
20
14
18
45
58
28
25
11
27
16
21
18
20
18
36
24
19
19
30
30
44
43
60
31
41
38
25
33
23
33
63
25
29
29
56
31
47
48
28
35
24
30
26
34
39
21
45
47
35
24
45
41
42
64
51
27
32
40
23
29
42
49
42
24
18
23
53
31
28
20
32
37
34
29
53
49
22
36
22
30
85
118
261
46
42
26
47
38
24
38
102
66
44
62
66
47
42
37
54
55
58
29
69
78
58
28
39
38
55
37
43
29
74
37
34
37
42
51
39
71
56
48
42
606
219
38
34
37
36
39
44
46
84
65
64
37
31
76
49
116
38
34
25
78
36
31
42
53
35
28
31
28
36
41
51
40
53
48
80
113
36
52
31
37
52
49
62
24
32
49
37
50
42
45
46
29
42
36
34
30
50
112
39
22
29
50
35
46
38
90
50
37
39
32
168
34
43
52
52
37
42
16
23
12
88
35
26
21
16
62
38
26
30
43
48
34
40
55
33
43
83
47
37
29
31
101
55
27
25
24
32
45
63
52
41
40
38
39
76
43
34
53
46
36
39
39
32
58
48
52
59
61
56
48
34
33
34
40
48
21
49
38
77
46
56
93
47
52
38
45
47
48
29
56
52
44
36
41
32
26
41
32
24
49
43
42
28
28
26
32
35
37
37
25
38
30
43
41
50
35
50
25
29
43
27
49
40
44
81
43
38
27
33
37
81
71
43
33
34
59
35
38
37
44
34
63
110
127
45
38
45
47
45
58
26
36
21
112
62
20
32
32
30
23
100
41
107
119
75
68
36
27
58
49
56
56
78
87
60
48
43
32
50
50
39
78
70
86
121
29
60
60
80
207
46
66
44
55
60
29
56
44
32
96
255
66
34
35
33
40
36
34
39
69
78
77
49
47
31
32
41
29
39
97
112
85
112
87
77
71
88
134
47
169
70
58
133
108
43
30
54
33
20
41
27
38
34
40
22
28
43
40
31
48
51
48
40
26
37
24
22
33
33
74
67
56
68
36
54
47
32
57
48
48
16
56
55
49
44
35
25
32
43
41
41
77
110
56
63
52
80
75
67
58
108
62
109
135
30
40
53
68
39
86
131
88
75
48
51
34
43
30
42
45
33
165
197
91
56
62
62
58
69
60
30
36
31
44
56
27
26
25
43
49
50
72
77
53
82
75
198
72
55
35
94
95
146
67
50
106
101
79
62
230
90
70
71
148
118
35
47
81
108
94
100
109
81
67
44
97
108
67
66
49
61
57
61
95
66
107
75
65
48
111
136
71
152
139
106
40
48
38
61
23
22
26
32
77
101
132
110
86
171
109
114
126
48
53
28
78
41
51
48
65
114
93
74
60
56
61
42
44
104
68
36
50
92
74
41
40
55
42
36
50
41
84
51
110
99
52
77
75
49
45
40
38
57
58
74
70
67
78
67
69
60
48
29
24
24
79
156
37
24
98
19
59
54
59
62
69
84
62
33
29
39
29
238
62
66
27
25
38
56
26
17
23
35
26
43
36
20
21
21
77
62
59
74
51
49
104
61
35
32
72
53
58
31
56
89
96
90
74
47
59
47
105
83
79
69
28
34
31
31
24
43
48
57
47
45
37
46
27
29
14
27
62
50
27
29
28
54
48
67
72
32
43
26
21
27
27
40
30
41
43
37
56
40
31
52
57
40
51
66
62
70
47
49
76
41
39
65
52
38
35
25
58
53
51
42
34
42
46
53
120
78
37
20
34
34
30
38
29
45
41
41
51
49
38
38
23
39
59
28
36
33
51
30
19
37
53
61
48
32
48
38
64
77
57
45
37
47
28
22
31
51
47
41
57
32
45
36
49
21
33
35
77
55
78
27
45
36
48
58
40
21
25
34
36
64
34
44
45
73
32
47
46
44
52
30
40
24
23
66
79
41
77
54
30
28
61
71
71
52
38
44
44
24
28
54
58
29
35
32
41
24
36
20
35
35
31
40
68
36
39
23
50
43
30
36
39
36
39
46
59
36
21
34
37
80
72
34
44
38
32
57
17
21
29
46
38
50
49
54
34
54
46
37
52
41
53
43
63
62
57
118
36
84
58
37
42
28
30
32
29
30
43
31
24
28
31
32
37
47
33
56
34
34
24
32
25
22
36
33
31
38
54
29
34
25
41
36
32
69
62
35
34
31
31
16
48
54
39
72
49
29
36
59
58
34
42
36
32
13
24
49
33
29
27
30
25
30
38
18
31
40
60
64
51
40
52
47
65
48
36
33
60
40
38
31
26
31
36
36
38
48
47
143
44
26
34
30
34
26
45
27
32
49
35
30
35
30
21
29
28
33
20
30
58
339
33
92
207
78
20
44
17
31
25
28
39
34
30
43
31
31
31
25
33
28
42
21
22
29
28
58
41
52
233
105
60
27
43
24
43
50
31
19
49
40
51
33
28
24
37
38
53
60
35
31
52
33
41
37
49
36
36
21
32
59
33
41
29
22
40
26
35
32
30
37
123
43
29
30
17
31
32
