41
46
32
63
97
41
55
37
35
58
55
28
72
41
18
29
40
42
1379
37
38
34
43
80
44
27
26
24
24
54
42
32
26
27
31
30
58
148
60
105
68
221
260
289
87
76
227
179
243
132
102
172
57
39
130
41
66
62
61
39
23
19
28
27
42
18
24
22
25
21
50
37
22
21
31
116
30
21
29
27
44
102
28
26
27
52
32
52
25
17
23
33
22
22
23
37
43
42
42
128
41
39
62
47
31
66
166
170
34
34
46
38
93
61
38
39
18
28
37
54
46
52
25
27
51
56
30
32
31
37
30
26
35
33
1393
37
64
124
54
48
140
60
43
55
30
32
32
62
65
23
44
75
48
62
177
55
163
137
216
398
73
26
94
145
127
73
240
33
28
94
46
36
17
100
192
90
184
38
27
36
32
31
33
1375
105
32
47
51
51
32
39
33
18
31
26
50
29
54
58
35
34
77
134
65
89
125
250
390
95
80
39
89
147
135
75
310
38
54
114
28
46
35
1327
33
32
38
201
60
46
43
40
31
34
29
30
23
66
39
35
140
21
77
94
26
250
328
159
34
77
43
50
158
153
119
147
23
23
93
30
30
67
42
34
53
27
34
111
1338
35
23
32
63
44
28
21
23
28
37
21
30
50
32
27
24
35
36
35
147
39
122
125
494
46
21
34
29
50
32
23
34
33
36
35
58
30
31
27
43
30
30
26
146
22
240
272
406
45
144
138
135
65
238
31
27
85
37
36
48
94
24
19
20
25
29
27
34
35
25
41
30
36
34
33
28
32
28
28
29
43
30
16
20
20
28
35
33
22
26
40
75
40
1445
37
31
23
58
34
28
25
30
31
21
19
17
15
23
31
31
27
46
38
141
111
70
229
338
165
74
50
39
261
65
232
260
178
127
27
41
35
38
22
29
20
28
27
34
39
25
25
107
23
32
27
35
25
38
48
37
19
130
143
31
31
41
36
28
32
34
27
34
1354
31
65
28
50
43
33
18
22
40
40
32
20
23
40
42
29
25
39
160
97
67
221
343
185
80
83
220
172
118
151
26
50
88
53
25
33
109
30
28
23
22
22
23
36
52
42
23
43
34
25
23
27
18
1275
64
27
29
86
98
39
31
38
31
27
20
26
27
27
28
42
37
99
52
38
58
519
167
29
84
80
58
226
337
460
30
23
114
24
28
26
30
32
27
35
35
18
101
2186
33
49
39
23
25
30
83
1895
176
41
1320
524
211
227
97
62
425
208
113
40
33
32
40
28
28
20
94
380
104
68
160
278
313
82
26
66
137
123
80
161
98
38
94
48
23
25
29
60
52
31
25
30
34
33
30
24
32
30
109
38
43
24
1562
29
22
27
35
54
42
37
28
26
37
39
30
26
26
25
29
27
39
31
148
95
67
273
497
92
28
68
132
127
71
241
34
24
108
26
42
19
25
28
38
26
31
71
114
41
40
30
19
23
44
42
55
65
43
23
34
25
27
56
37
33
25
24
23
36
26
23
262
16
26
27
19
300
1228
33
18
29
39
42
37
32
33
30
31
30
29
29
41
35
33
8
32
136
60
109
59
255
367
121
78
57
101
152
98
184
85
35
72
69
43
38
107
22
19
23
26
35
58
33
27
26
23
22
20
33
44
22
44
43
18
28
18
26
21
17
25
32
21
30
29
29
19
19
18
22
21
17
22
28
21
40
28
28
30
27
37
23
27
1381
29
32
22
23
47
42
27
65
61
31
23
34
23
34
25
29
28
32
21
198
73
192
341
175
81
59
48
178
107
261
23
99
48
20
19
16
18
23
24
34
25
38
43
34
26
17
17
24
35
23
30
27
109
26
26
35
34
25
19
20
24
13
45
29
30
36
54
43
26
28
23
50
24
35
26
25
28
26
29
21
24
16
19
27
17
46
68
20
23
36
42
27
27
35
34
24
31
28
36
40
35
30
32
29
23
29
26
31
23
21
27
30
20
18
28
33
156
1296
30
29
21
22
28
34
24
29
24
18
41
26
30
36
30
13
20
18
93
93
91
154
347
219
82
42
41
173
125
136
131
22
89
37
24
28
88
47
24
34
49
30
40
22
26
20
22
17
13
30
16
23
19
27
32
32
42
22
656
296
23
48
125
45
34
43
45
42
41
32
42
72
71
41
28
40
43
25
26
29
33
37
56
46
44
211
202
94
33
43
30
96
28
18
41
26
34
27
22
25
14
23
17
25
25
25
18
20
17
21
23
21
27
14
20
27
26
30
14
18
20
13
21
18
36
53
21
26
21
20
19
24
16
22
20
23
25
22
17
29
38
23
40
22
40
23
25
25
20
31
21
21
31
24
82
30
27
75
30
20
24
13
15
18
20
22
23
16
13
20
24
23
12
14
17
36
25
24
16
29
16
25
26
22
30
17
45
32
30
30
22
15
21
30
30
20
35
34
25
24
35
30
12
24
29
42
33
26
36
32
24
28
25
28
39
31
15
22
17
18
21
21
28
26
29
16
22
25
16
23
15
12
30
42
31
18
18
16
13
11
28
26
18
20
14
35
48
23
21
17
34
34
27
23
21
33
42
23
25
20
23
25
12
23
38
28
56
25
51
38
19
28
59
42
42
36
23
184
11
96
168
147
25
31
54
38
35
23
44
25
22
13
10
30
14
10
27
19
23
109
37
24
32
77
56
44
35
39
44
41
207
143
79
40
32
23
28
61
77
21
26
17
11
22
13
12
21
20
61
25
21
18
20
16
75
140
61
33
28
33
45
61
65
36
34
31
14
16
78
27
27
36
30
51
49
31
17
24
21
150
49
23
39
22
25
15
23
15
19
16
19
22
32
17
18
15
16
14
15
15
16
21
17
18
16
32
25
131
114
18
31
23
18
113
58
22
90
24
62
26
28
46
37
29
24
21
24
19
25
21
62
16
20
17
14
19
19
23
50
172
25
24
30
26
33
34
28
24
45
57
33
28
33
181
37
132
32
80
62
49
27
165
139
42
29
28
27
44
21
25
23
26
28
28
30
23
31
34
33
17
73
44
47
22
31
31
27
24
55
25
13
19
17
17
16
19
21
20
47
15
30
24
27
31
16
23
30
16
12
20
17
29
41
45
49
76
46
42
105
34
33
24
24
21
19
27
27
108
60
37
24
37
27
154
48
59
19
61
56
22
82
49
30
29
47
56
28
107
22
30
23
18
24
36
31
91
28
20
26
28
43
24
21
25
26
28
15
16
17
32
25
25
63
34
16
52
31
24
29
101
34
19
33
29
30
20
43
33
71
18
11
42
29
22
21
41
37
25
16
16
26
13
22
34
27
28
17
21
46
26
31
39
45
27
60
23
18
21
25
29
19
22
37
27
14
36
81
24
52
71
34
150
129
75
38
32
20
24
15
18
24
16
20
20
25
30
27
16
17
21
23
13
23
27
21
30
46
129
52
45
33
97
17
22
33
55
32
14
52
20
15
23
70
22
22
14
13
14
19
25
16
15
18
29
20
24
19
23
14
11
28
17
37
27
40
32
17
30
15
28
13
14
29
67
53
34
43
24
62
47
46
29
32
27
28
30
20
31
27
21
29
18
18
38
38
37
49
30
43
37
49
52
61
16
25
21
39
21
31
40
23
22
27
29
27
20
34
25
47
148
104
22
35
22
41
21
29
29
17
19
27
23
25
15
135
148
93
35
49
25
24
19
22
23
44
41
30
121
30
42
19
31
29
24
17
31
24
22
21
35
33
79
27
29
48
25
30
32
27
23
28
26
35
27
22
34
24
36
49
27
21
66
41
28
28
30
29
26
32
40
25
21
22
24
32
18
26
22
21
34
36
25
25
25
19
35
50
45
40
35
32
21
21
27
44
34
26
31
37
36
30
22
42
30
26
22
35
31
25
27
23
46
33
24
13
38
33
42
36
31
18
34
35
26
45
44
36
35
29
22
29
23
19
13
17
29
30
21
27
34
26
27
31
24
22
28
43
44
33
41
36
40
25
16
61
64
53
38
30
36
33
33
35
44
43
34
25
52
48
28
44
21
60
27
33
34
35
26
34
32
31
34
36
35
45
44
35
28
29
43
31
36
32
31
30
31
29
75
47
29
28
55
40
89
35
18
44
123
95
27
37
44
29
27
33
24
25
24
28
55
37
20
30
37
49
38
38
62
42
52
32
45
45
47
43
48
35
110
78
58
54
41
32
62
80
66
21
27
37
30
35
57
52
51
31
29
23
41
29
29
46
33
39
35
16
26
16
31
24
23
24
24
44
36
26
30
32
29
28
33
62
28
34
26
31
30
45
29
27
17
26
29
41
67
22
45
34
26
39
42
40
28
21
50
26
39
33
21
68
72
92
39
46
38
64
68
32
44
30
26
38
50
39
42
38
40
34
31
30
51
35
56
31
23
26
40
37
38
33
32
30
33
23
13
45
34
49
27
29
29
33
41
40
26
25
28
42
42
24
34
32
36
26
22
31
20
38
46
32
53
63
38
26
17
29
58
38
48
30
25
26
28
38
35
55
30
23
87
41
60
37
43
45
47
38
29
27
29
39
180
32
42
44
38
19
36
41
259
324
107
95
99
57
39
38
46
47
54
103
69
30
41
27
37
37
38
41
40
61
89
41
35
48
39
104
56
29
40
32
52
28
39
39
31
40
121
62
43
32
35
25
34
31
42
53
57
71
31
27
40
26
32
27
31
55
87
59
93
42
88
74
55
76
49
63
53
53
83
82
27
43
39
27
30
45
40
83
40
36
31
44
31
26
58
50
34
35
23
39
26
32
40
36
61
37
47
40
39
44
23
50
39
27
21
24
35
48
36
33
25
20
34
49
39
31
44
39
41
36
19
28
29
34
69
66
44
40
55
47
48
36
19
46
72
92
36
66
81
91
34
38
33
34
54
42
122
82
133
170
148
45
40
54
169
43
31
29
32
18
26
22
39
30
55
46
44
53
67
70
125
112
26
47
58
108
53
43
71
60
73
49
153
85
50
65
104
75
66
44
61
73
121
45
97
43
43
93
73
80
81
76
35
45
59
50
51
46
52
41
36
111
103
88
133
101
47
50
61
45
155
32
27
36
69
135
67
75
228
206
86
75
62
66
80
41
115
36
30
41
33
116
89
75
59
42
49
52
37
171
100
30
28
61
120
65
46
24
37
26
34
134
46
48
55
75
162
59
80
39
102
59
34
114
184
181
62
40
70
37
76
50
37
61
30
136
44
28
25
50
100
68
86
34
83
83
140
76
19
25
42
28
35
348
38
23
26
28
44
24
17
15
35
24
29
24
22
24
22
45
56
45
37
38
24
25
54
40
20
26
61
34
42
27
42
69
69
29
38
32
170
186
108
41
50
26
27
26
20
34
49
34
45
35
34
35
25
23
23
22
19
12
26
13
26
23
41
36
36
33
35
35
18
19
33
17
44
23
32
44
40
32
31
19
24
28
41
83
40
49
29
125
436
31
512
226
21
25
19
33
40
30
26
22
23
26
36
56
38
24
30
70
33
29
30
29
28
26
36
37
41
26
30
24
25
26
20
30
33
29
26
20
21
36
40
33
22
34
31
32
30
40
40
39
30
27
24
23
23
37
33
32
26
27
26
36
25
22
28
64
32
39
54
53
156
96
180
25
25
28
31
27
22
36
33
29
32
33
34
41
41
26
39
23
27
29
50
43
41
47
27
24
60
165
40
52
45
29
32
21
23
30
30
30
37
49
53
45
20
40
29
32
25
78
91
79
40
28
39
38
33
75
35
132
188
159
57
63
26
26
22
29
213
39
46
57
34
33
32
22
26
33
48
40
118
148
171
88
33
38
19
28
35
32
21
52
32
64
39
194
143
24
97
32
33
25
44
31
34
23
28
27
27
29
35
38
31
23
31
34
29
18
26
39
34
36
25
28
33
31
21
30
30
25
24
34
60
20
22
34
32
20
23
27
19
53
23
23
30
27
35
27
21
34
108
269
26
42
31
25
29
23
20
26
28
33
23
27
76
30
41
46
66
42
31
45
21
31
47
37
43
22
28
34
34
36
30
31
24
68
46
23
26
28
28
24
36
30
27
30
32
29
37
27
20
21
30
20
23
20
1224
46
251
699
148
175
130
151
38
36
19
59
25
33
34
39
22
26
37
29
38
24
25
176
55
33
36
32
31
266
378
77
27
30
32
30
38
24
19
41
35
42
38
19
26
29
30
33
32
28
34
30
38
30
40
28
33
31
26
40
32
32
22
26
26
48
25
30
33
27
27
30
28
26
31
28
35
