28
18
19
31
28
23
19
18
14
13
20
31
22
19
14
11
13
18
17
39
7
28
28
16
24
21
12
14
15
21
7
23
30
19
18
16
30
16
18
12
11
81
29
13
22
21
22
70
23
33
131
142
28
18
14
15
21
30
33
22
29
65
37
19
16
18
19
25
27
15
16
16
22
17
18
24
21
18
37
23
37
19
15
23
30
82
30
12
14
14
11
26
16
30
17
17
16
30
18
19
26
37
43
49
17
78
24
21
19
20
21
19
131
71
91
35
22
23
32
39
122
47
39
25
10
15
33
41
16
28
15
21
25
29
16
12
25
39
51
65
59
66
42
46
55
145
35
44
25
19
17
26
19
30
29
19
89
24
30
69
36
38
38
59
11
19
14
20
32
38
22
25
18
24
16
21
21
22
13
13
20
75
214
141
30
26
25
116
16
16
36
32
126
57
23
20
28
42
20
35
22
34
20
10
31
26
31
40
23
23
15
19
30
5
11
20
109
60
19
17
30
26
16
66
44
19
52
40
17
34
26
22
34
40
35
49
35
51
148
34
21
20
25
18
21
10
15
15
28
24
10
9
25
25
17
13
8
11
46
17
24
11
14
17
24
17
9
22
10
10
22
16
24
16
24
15
97
21
20
14
19
25
60
56
57
17
23
30
9
14
19
22
28
56
29
24
19
17
44
29
19
18
16
15
9
25
26
17
77
26
17
17
25
29
24
15
32
27
37
46
21
25
22
24
17
19
17
20
73
68
18
14
26
41
49
32
68
20
15
20
19
19
148
46
27
30
13
17
16
8
21
25
18
22
15
21
21
25
23
17
13
27
18
26
14
12
22
30
34
23
61
19
26
37
18
45
29
19
40
15
43
27
18
20
12
20
24
12
17
12
23
14
65
23
24
32
66
59
57
10
11
7
45
10
17
19
16
161
248
11
14
24
24
22
25
19
15
17
16
20
17
21
28
21
24
24
25
20
17
8
27
28
20
16
20
20
221
228
25
28
17
27
24
18
20
20
16
28
23
21
17
13
75
25
21
16
23
18
64
21
14
17
14
10
23
24
17
23
18
23
12
15
9
25
17
22
45
39
42
16
12
11
14
18
18
15
18
16
13
14
26
16
14
17
12
19
20
38
11
20
11
16
20
15
16
12
17
22
20
15
21
61
23
29
20
22
23
21
73
11
14
20
29
32
15
12
21
19
18
28
40
13
21
22
15
21
250
209
23
14
22
18
19
17
25
18
28
40
44
29
52
24
25
21
11
18
13
13
7
17
25
17
12
20
67
38
26
28
31
23
23
12
20
23
71
18
22
27
39
21
20
26
13
16
15
32
26
16
17
17
25
35
21
15
10
25
24
9
22
21
31
18
12
21
30
44
23
18
20
22
34
22
20
15
17
18
12
19
21
20
20
15
20
25
33
25
15
90
11
11
16
19
22
75
18
14
16
18
21
42
58
18
23
18
8
14
24
20
15
9
17
31
25
12
21
20
22
16
17
31
23
21
26
26
15
10
21
36
38
39
49
34
20
22
20
32
34
34
25
26
25
21
25
19
19
48
18
72
24
11
22
40
11
54
13
20
14
15
14
15
18
20
23
19
27
108
20
23
9
7
24
17
37
27
19
28
27
27
14
18
20
18
25
25
19
31
27
21
29
24
28
15
17
15
35
52
42
45
15
18
19
20
12
27
33
17
19
89
33
15
23
81
28
67
49
33
15
12
17
16
16
12
15
15
16
18
19
31
23
13
23
18
15
10
14
20
13
21
26
19
21
17
25
19
18
16
20
16
19
22
14
10
10
14
17
11
9
7
14
15
14
25
22
14
11
16
22
13
92
15
13
10
16
17
13
24
22
27
23
33
17
20
15
17
20
22
22
23
15
21
25
16
22
19
15
20
10
17
11
33
23
32
41
48
21
25
15
18
13
13
33
19
13
15
12
9
7
447
15
26
29
98
68
57
36
53
54
47
92
43
62
48
35
19
10
19
50
17
22
31
29
26
19
19
16
11
24
24
17
9
23
17
20
12
17
18
11
8
17
15
13
8
9
12
15
17
20
21
16
25
13
25
17
7
11
13
9
19
11
11
13
38
18
14
90
9
17
12
100
11
22
83
16
18
18
21
21
27
14
45
29
24
16
19
19
22
19
13
10
7
6
15
12
6
11
9
58
39
41
9
13
19
74
14
21
27
17
19
32
19
24
25
18
24
16
20
17
18
149
25
17
23
27
243
265
22
20
23
21
25
26
22
144
50
33
69
52
23
10
6
6
6
10
9
17
11
6
6
7
6
14
9
10
7
10
19
14
13
9
13
6
10
14
34
17
44
12
8
20
84
10
10
22
16
15
11
26
17
50
20
16
17
31
12
67
20
18
12
13
20
23
12
40
35
13
52
34
27
36
33
13
14
16
7
8
12
15
11
10
7
11
12
19
23
12
10
15
13
13
33
12
13
14
11
15
16
23
9
22
23
24
14
25
23
10
15
33
56
16
28
17
15
15
18
84
30
16
7
13
20
29
24
25
24
14
22
16
26
23
19
15
14
19
10
11
7
14
29
21
21
17
10
17
12
9
13
25
26
56
12
25
11
8
14
43
11
13
14
10
21
24
15
26
13
14
15
37
59
17
13
52
61
95
25
8
33
22
27
24
19
71
49
28
59
43
193
52
46
31
110
41
167
48
143
25
37
31
29
28
60
40
20
17
7
12
15
6
6
41
16
23
22
35
18
46
60
44
20
34
26
36
60
135
131
85
26
17
18
9
19
186
29
11
11
8
5
16
28
24
14
30
39
27
22
12
18
14
57
89
33
31
28
28
42
40
31
25
47
18
17
21
62
44
28
25
27
60
41
34
15
12
12
98
111
15
28
111
27
44
19
17
15
12
65
9
12
34
14
14
72
64
14
10
13
9
15
10
7
12
17
17
102
152
119
21
26
8
30
142
27
15
48
12
16
38
30
30
19
37
19
11
10
23
11
15
27
21
16
12
11
12
14
15
9
30
36
121
17
15
40
21
24
12
59
21
37
31
52
11
74
19
143
23
96
18
45
49
37
24
112
30
28
16
13
54
36
25
25
18
27
35
24
24
30
27
50
69
46
55
21
30
27
20
24
32
23
17
23
19
11
19
18
7
12
24
21
33
26
31
27
16
11
14
14
20
71
18
19
25
29
38
22
37
45
51
39
33
33
30
21
18
16
33
24
162
82
39
34
102
17
104
96
42
26
24
29
27
26
39
39
11
36
24
35
12
12
15
18
20
14
18
19
32
17
19
16
36
16
24
20
22
19
22
14
38
68
8
10
18
19
24
25
25
16
23
20
25
19
12
16
28
22
26
15
21
17
20
21
14
29
17
14
22
19
17
19
8
35
28
22
43
9
11
9
41
16
19
14
10
9
15
23
12
26
14
22
21
48
88
30
8
8
20
10
16
63
14
15
16
28
17
24
11
29
16
192
136
39
26
18
17
12
11
16
21
18
14
12
19
30
16
10
7
37
18
25
27
15
13
20
256
206
35
35
45
133
17
7
24
39
27
21
10
41
19
25
16
56
78
19
17
10
7
11
12
74
30
15
19
14
16
9
13
13
13
15
18
34
22
26
20
17
8
8
16
17
13
18
95
40
31
41
17
58
40
29
15
37
52
29
12
15
16
58
43
20
15
8
14
18
35
23
18
16
21
23
62
43
20
45
26
19
19
20
24
85
11
26
14
16
7
14
11
27
18
26
25
37
155
105
21
43
11
17
14
23
9
11
14
16
8
18
12
124
159
51
17
30
15
17
19
14
18
19
33
28
31
18
45
37
28
16
20
23
32
21
26
14
13
11
468
54
54
66
64
120
54
44
49
45
41
39
33
30
25
16
40
20
20
33
16
21
28
29
42
22
5
7
22
41
27
27
17
12
25
14
11
15
15
29
23
18
22
15
27
15
12
26
29
34
43
28
19
21
21
19
18
27
65
15
11
43
22
21
13
101
13
10
13
13
13
10
15
18
60
28
14
14
30
32
32
29
31
18
29
43
16
22
22
22
48
36
38
20
14
16
19
17
14
26
24
24
21
21
19
21
23
49
34
26
28
29
30
32
22
40
49
47
60
33
24
20
70
29
26
35
27
14
18
24
15
25
18
62
19
18
17
29
24
17
19
19
21
24
21
28
37
26
24
23
18
13
22
16
23
24
24
19
73
31
33
29
25
61
45
45
27
20
14
37
20
27
27
34
24
57
22
22
23
44
16
15
19
31
21
19
19
22
29
18
18
30
116
11
24
21
31
25
35
24
44
112
24
39
30
23
19
92
36
22
19
21
30
22
28
43
42
24
22
22
27
22
15
25
39
34
17
35
15
8
19
9
18
18
57
58
16
15
18
25
59
27
73
24
20
31
11
19
35
32
17
31
23
22
21
12
23
20
28
19
22
17
18
26
26
22
14
20
22
24
23
20
26
17
67
60
59
31
17
32
38
42
22
23
21
26
24
25
22
16
28
26
21
34
56
68
60
147
78
23
30
26
25
20
17
18
22
30
27
24
24
15
18
21
18
8
14
24
17
21
22
17
23
24
24
22
15
25
12
24
32
36
35
38
25
17
22
43
32
55
29
36
31
25
16
46
25
23
70
24
44
78
55
37
24
28
32
101
19
29
29
23
113
44
22
18
21
22
9
18
23
78
115
78
49
48
16
33
28
88
46
32
44
41
22
35
17
34
23
38
25
33
83
46
50
26
35
54
49
94
32
37
19
25
47
25
23
21
42
85
111
41
25
38
27
29
18
72
26
42
51
45
47
39
24
29
25
19
54
69
39
45
43
42
48
25
28
35
34
38
44
26
51
31
20
24
35
17
11
13
26
18
17
23
16
17
24
33
24
27
31
35
36
19
20
25
28
22
17
48
82
31
29
23
37
24
30
68
30
16
26
46
24
32
26
27
19
29
22
54
40
35
33
52
62
33
26
34
24
79
71
84
29
24
19
23
16
28
42
35
24
39
115
18
18
16
23
28
7
103
60
41
164
106
81
33
64
67
119
23
32
39
30
33
100
16
17
24
30
52
51
46
42
46
105
60
43
39
22
36
73
43
29
23
34
44
29
53
35
48
21
29
50
39
27
27
44
53
69
34
60
44
36
38
91
59
44
44
59
52
27
28
23
46
52
43
63
24
101
75
29
61
51
54
91
30
21
157
20
14
15
28
32
44
59
129
41
168
61
52
62
22
26
16
15
19
22
17
28
35
14
25
36
19
27
32
24
26
24
15
15
22
25
24
17
20
27
25
22
17
21
85
413
251
274
39
111
18
31
31
19
29
112
123
33
28
55
25
21
23
19
18
18
16
15
18
19
16
28
27
22
18
20
14
24
44
31
16
20
18
16
27
77
32
28
12
21
30
15
12
17
12
43
36
22
18
32
16
19
27
46
35
32
118
124
58
68
31
40
108
75
70
60
48
33
23
149
132
45
38
30
24
20
17
33
30
16
24
37
45
30
19
21
20
14
10
19
32
21
22
13
15
50
31
36
33
21
24
34
15
51
23
35
24
29
31
28
34
27
20
28
30
79
38
39
47
51
62
42
270
294
63
132
392
28
19
14
50
44
102
29
13
14
16
17
35
33
25
25
65
29
22
25
21
15
10
18
25
26
21
16
12
21
11
15
20
21
21
22
14
13
23
37
35
27
22
25
19
27
30
30
30
80
25
32
18
25
32
25
36
31
34
40
21
43
26
23
30
36
42
36
23
54
43
137
42
143
24
24
32
22
51
166
42
35
15
16
13
26
31
17
26
21
23
129
167
65
114
53
39
33
25
28
160
239
23
31
33
18
18
27
55
15
16
24
29
26
29
15
84
27
26
24
23
24
75
40
29
21
30
20
23
66
24
48
123
173
49
13
15
19
224
110
43
92
66
19
19
21
14
23
29
25
34
134
102
39
18
32
24
43
47
36
26
21
26
32
42
20
58
27
23
17
20
20
21
25
82
19
21
21
18
29
39
23
27
25
12
42
20
18
23
17
21
16
12
86
25
32
14
23
52
30
20
21
30
16
46
37
23
30
30
25
27
46
19
38
36
35
50
22
32
24
19
34
124
36
108
23
23
17
22
19
12
17
22
82
27
15
20
38
29
29
27
66
26
33
21
14
17
26
23
27
18
26
25
16
16
13
13
18
52
18
18
13
9
9
20
16
12
14
18
18
16
15
19
27
29
26
23
15
20
501
443
23
531
557
122
121
171
16
21
22
17
20
21
84
30
26
29
21
13
14
23
43
16
110
30
12
19
37
36
22
139
69
34
24
25
26
21
25
21
29
29
41
27
22
24
14
14
21
39
25
20
20
22
28
26
21
54
43
64
36
15
12
17
16
21
19
12
51
20
71
17
17
17
14
13
