77
84
121
183
56
68
87
73
80
57
122
109
94
93
80
58
77
88
73
60
97
68
74
104
90
112
66
49
54
61
88
98
74
74
60
68
72
59
81
73
95
78
83
115
122
36
86
97
127
500
222
75
45
69
73
118
79
130
124
92
91
85
162
76
68
56
175
56
47
79
38
66
71
83
71
64
36
50
62
44
47
78
75
82
273
74
63
80
57
97
78
85
49
43
47
38
55
36
71
249
84
125
93
230
128
124
99
189
195
90
424
187
167
69
56
86
102
104
188
219
118
82
75
57
77
172
121
88
57
70
164
109
99
118
75
62
56
83
81
58
57
123
161
135
131
136
266
162
162
75
122
88
76
75
80
89
70
71
179
165
145
159
85
182
106
79
69
46
33
47
115
108
70
97
58
67
60
60
52
60
51
49
48
340
131
320
92
89
96
93
106
85
159
120
118
114
118
85
69
88
84
43
92
67
75
69
94
63
100
80
75
94
63
64
39
37
62
77
96
159
70
89
84
110
59
111
64
47
79
83
64
75
75
30
61
64
75
137
174
123
97
64
91
88
72
83
62
52
61
70
179
68
33
32
75
84
51
76
30
63
57
74
60
52
37
51
44
56
52
59
41
33
85
92
76
45
70
44
85
84
85
71
76
104
85
66
126
53
67
82
57
55
53
61
62
79
88
63
53
56
73
89
54
46
74
52
46
99
51
64
79
88
63
63
90
81
83
94
65
179
121
63
88
91
75
45
81
52
64
75
170
112
63
112
61
92
61
68
104
66
59
63
41
53
76
61
59
67
64
48
47
77
81
99
52
57
76
77
100
104
84
65
87
83
64
74
117
70
53
44
38
45
61
87
41
80
76
94
94
47
77
64
31
77
64
60
52
74
40
55
42
38
33
36
43
68
57
40
60
77
72
173
109
69
45
40
35
54
129
73
93
43
316
628
57
35
75
75
65
79
86
88
70
61
66
66
53
70
76
73
66
69
75
68
47
80
96
37
42
75
63
260
307
94
82
61
109
83
69
114
622
69
61
85
49
335
397
89
82
82
44
67
74
73
68
42
44
61
51
74
58
86
97
76
65
56
69
49
143
54
76
118
220
121
56
50
42
54
55
38
29
35
113
112
61
45
43
53
46
43
38
56
35
56
78
51
52
87
48
54
72
53
108
60
50
64
72
67
84
139
81
58
42
58
68
80
57
61
94
67
61
92
62
72
109
113
40
42
84
89
276
469
69
69
46
64
52
63
66
50
107
103
50
90
65
62
49
65
53
114
110
44
34
42
47
40
32
61
48
56
54
47
65
53
76
68
94
99
105
77
79
89
60
46
65
58
55
72
80
51
67
91
49
70
85
68
50
44
60
96
73
89
82
59
43
46
64
84
91
103
50
61
54
63
111
69
58
75
84
1957
95
73
53
62
80
69
63
105
92
53
68
95
75
96
62
65
65
76
53
91
250
76
80
57
45
97
60
48
214
85
77
56
48
73
46
67
79
58
66
66
67
41
62
41
82
79
73
94
68
64
116
115
61
55
48
81
100
201
143
185
67
75
87
79
113
68
73
68
56
118
85
64
46
53
42
48
63
71
70
113
73
62
52
68
81
54
86
108
66
52
79
52
62
76
53
69
37
66
58
108
122
65
72
69
57
76
60
57
66
66
70
68
83
62
65
82
84
74
87
44
59
69
84
99
76
69
65
92
82
58
56
90
47
59
101
133
71
63
39
34
47
44
51
81
46
91
67
58
45
32
47
46
56
60
54
71
68
61
88
66
74
67
56
76
44
57
91
96
100
56
77
102
74
58
52
67
41
40
47
59
80
96
85
81
50
64
46
65
42
45
35
36
61
59
77
63
48
64
78
71
109
103
53
55
34
27
52
63
71
65
63
165
90
74
65
51
59
50
85
58
67
74
56
53
74
73
57
83
51
58
47
64
150
79
154
86
92
87
69
64
62
54
86
67
72
76
113
65
55
63
55
60
88
63
80
49
63
35
44
57
55
54
79
105
82
66
80
69
68
39
76
76
88
123
88
84
104
71
62
70
52
53
53
55
64
42
60
61
46
45
40
60
60
42
74
47
64
31
58
47
49
39
61
48
98
56
39
27
31
41
54
33
65
38
23
48
42
64
57
39
60
57
53
48
67
62
54
72
63
65
115
61
243
88
54
57
69
44
47
45
15
36
36
42
34
56
79
64
84
178
158
68
51
51
63
37
38
61
72
106
79
124
159
69
69
75
99
80
111
112
61
73
47
82
98
107
73
54
589
320
85
83
86
78
86
80
81
58
68
56
49
59
84
49
25
72
78
67
54
44
75
46
39
55
62
53
57
41
51
34
62
64
55
64
72
59
41
58
60
169
181
123
46
89
72
41
60
60
63
60
112
99
53
54
62
60
118
192
81
52
40
69
50
66
58
57
58
115
203
98
112
125
82
145
137
65
70
61
33
23
49
59
75
64
36
43
39
57
55
20
49
47
57
27
110
67
44
82
60
41
61
56
70
42
71
59
57
67
80
35
39
72
186
100
86
96
71
63
89
87
57
52
60
46
96
60
130
90
84
81
70
82
63
86
80
50
145
52
65
39
77
80
68
89
61
57
60
53
55
42
26
33
91
91
76
38
42
52
43
77
51
46
46
55
42
103
62
52
72
43
65
90
58
53
72
49
124
61
78
53
70
65
46
37
53
129
98
63
87
97
108
80
64
287
95
313
90
170
427
108
359
193
227
72
91
132
89
93
95
94
173
68
75
37
62
33
25
121
76
66
108
119
165
88
68
304
199
146
76
85
97
379
114
215
107
96
81
59
37
207
78
79
66
35
41
63
35
59
36
132
74
70
41
64
50
102
258
92
101
122
80
168
94
67
85
123
47
48
38
61
127
58
118
92
79
115
85
49
82
40
263
56
100
51
63
79
80
54
40
56
56
44
36
51
78
50
44
40
47
48
33
28
70
57
64
73
55
52
66
64
346
149
90
72
73
63
312
87
158
47
40
87
195
85
66
90
133
118
79
127
107
44
69
54
50
217
46
48
29
61
52
43
128
136
137
50
38
65
61
63
73
75
55
82
88
161
44
58
233
215
189
61
82
143
144
82
96
341
145
107
48
50
59
65
37
35
52
76
84
92
69
52
55
71
75
76
58
81
115
105
95
73
93
83
108
93
74
84
54
58
61
69
39
68
53
62
96
59
54
139
74
103
77
49
41
54
51
49
58
51
65
78
83
166
101
166
116
82
84
89
57
54
63
52
87
73
160
85
120
58
84
44
286
41
141
111
47
115
78
71
95
135
68
77
136
218
115
80
45
64
48
55
54
65
46
76
113
50
77
59
82
87
57
69
60
71
57
36
35
32
67
44
54
100
84
47
47
87
78
67
78
53
59
66
114
66
82
36
59
55
57
75
56
41
45
38
37
46
106
85
60
66
47
38
35
22
59
91
56
80
46
51
52
53
87
88
89
78
80
116
77
104
38
74
38
83
68
87
58
49
67
115
97
55
51
85
396
212
137
149
71
74
81
56
57
121
43
37
52
50
50
56
42
50
53
36
46
69
80
78
67
97
191
138
81
69
335
71
53
69
64
89
55
179
76
69
52
243
70
61
62
39
45
60
50
53
37
43
68
76
43
49
70
49
53
41
59
71
72
86
71
51
51
42
57
45
45
46
95
435
113
80
70
173
137
119
120
68
47
54
63
39
70
70
140
75
64
61
62
48
88
111
113
70
76
99
152
218
132
118
84
72
48
59
77
52
60
121
87
60
42
111
72
83
56
87
89
94
320
167
63
104
71
81
77
74
70
47
42
64
71
86
154
262
297
110
62
48
41
79
52
51
61
131
298
77
64
82
106
170
94
58
79
64
55
59
93
78
41
65
101
100
93
95
116
74
56
132
73
74
81
59
132
88
63
219
89
75
155
83
56
439
116
128
75
28
77
61
67
79
47
53
47
58
41
31
50
59
87
50
78
62
67
59
59
136
79
51
73
95
110
77
74
99
82
427
76
54
64
66
90
63
87
69
62
79
54
57
59
57
79
55
57
91
77
59
53
72
72
145
88
107
36
84
93
52
55
78
130
70
56
48
81
104
67
59
52
51
70
69
84
101
74
65
96
58
66
65
70
105
116
77
82
105
106
66
48
141
164
129
118
191
153
111
62
102
102
119
92
82
80
146
75
85
76
161
56
62
77
80
115
64
93
87
89
115
85
139
108
152
68
151
101
83
68
73
131
92
88
79
102
119
87
84
76
143
209
160
180
126
40
106
48
71
86
93
75
74
66
81
52
78
58
70
70
74
75
74
85
69
92
89
78
144
125
131
117
102
126
103
100
49
184
187
111
92
85
69
75
310
225
106
57
62
58
73
83
92
139
111
90
120
205
84
273
129
175
101
77
82
32
101
40
83
46
51
64
65
72
116
73
74
85
78
64
96
202
67
51
67
116
68
55
84
68
83
74
49
70
70
88
91
85
99
76
100
84
82
77
82
133
60
110
69
42
52
62
108
70
97
72
133
78
65
65
47
88
87
73
67
55
118
81
120
104
90
82
97
83
63
81
82
24
171
97
66
53
67
39
61
87
73
57
107
77
83
101
96
45
85
55
73
52
48
69
51
131
694
1558
1004
368
241
35
42
54
97
44
77
101
133
62
75
47
81
247
80
68
46
48
118
115
61
74
191
57
44
96
146
127
67
69
70
88
89
87
74
76
169
258
101
48
75
72
73
93
133
80
183
249
172
80
69
67
146
131
143
230
201
201
60
60
47
66
128
80
106
155
185
625
190
93
73
85
150
402
234
117
92
138
141
79
170
84
56
84
555
137
102
110
88
121
166
338
1129
1065
286
2090
56
74
84
60
60
91
52
105
169
89
159
155
37
164
128
398
91
180
176
184
138
186
108
97
96
55
49
43
57
73
70
58
61
55
81
87
77
72
95
87
80
76
68
63
66
44
76
194
129
117
77
136
105
75
74
113
113
67
91
41
58
45
108
78
101
47
49
79
104
73
95
124
108
124
74
78
133
86
165
150
125
230
193
77
123
153
89
173
105
162
354
182
209
161
173
74
58
76
146
78
123
528
101
263
338
277
118
159
263
336
48
111
127
88
87
152
99
123
140
164
137
107
232
269
342
300
354
329
142
73
194
237
415
100
139
405
428
184
233
571
501
461
106
321
220
227
103
140
441
227
150
396
645
167
76
133
157
168
171
104
143
105
137
131
113
120
182
148
141
125
368
232
500
476
268
108
93
122
206
109
65
39
165
551
609
146
529
416
320
281
227
141
157
186
354
162
98
97
88
292
175
150
144
146
120
154
136
496
89
680
102
125
197
211
145
39
74
82
81
71
700
620
334
842
593
292
183
84
147
90
111
104
513
254
236
175
106
158
109
214
118
235
49
136
542
110
138
110
73
163
126
256
113
360
65
358
341
94
62
47
71
78
184
257
260
59
47
78
102
45
37
54
50
64
85
63
90
64
65
137
125
195
184
79
141
139
77
71
40
68
210
121
142
88
200
159
220
82
133
69
364
275
244
134
211
106
58
50
33
32
83
87
85
78
76
60
50
56
47
37
38
40
49
49
44
44
58
65
67
67
84
64
85
77
51
48
38
50
86
42
85
81
139
112
42
55
45
27
55
145
92
126
80
39
191
81
104
150
86
61
63
49
155
60
117
88
109
55
67
143
94
123
64
79
190
61
32
47
76
109
69
92
85
104
60
51
74
52
46
49
57
103
54
69
68
42
74
77
61
61
64
112
64
126
63
100
80
82
77
76
39
74
69
109
105
97
76
60
65
62
39
57
66
60
82
42
39
250
82
350
132
159
98
58
44
80
91
67
102
95
93
74
73
77
119
128
91
84
69
49
59
217
165
97
116
102
71
59
186
266
104
134
101
98
66
37
49
79
44
106
86
103
98
67
83
53
57
79
96
101
144
113
88
56
66
134
60
181
147
295
219
87
123
73
41
93
97
163
638
136
276
83
105
76
102
71
62
101
54
88
349
194
95
84
99
100
72
99
70
77
60
106
134
130
64
59
64
66
84
78
76
65
49
58
47
62
61
44
72
73
67
74
74
82
84
73
72
65
48
54
52
33
144
63
46
58
91
52
63
58
63
48
50
79
52
47
65
74
57
36
60
57
120
74
79
219
62
105
61
33
98
280
66
184
63
60
47
64
66
62
87
30
82
91
76
118
80
46
83
71
113
86
101
77
57
65
60
123
93
55
97
63
57
67
77
91
119
127
67
44
54
58
82
68
57
94
45
68
70
59
79
47
66
73
61
66
52
128
343
89
75
76
40
366
132
273
48
58
48
49
62
77
82
76
94
112
55
73
86
48
46
234
138
55
65
109
116
78
76
205
169
100
68
53
93
131
69
79
75
116
149
134
61
73
53
92
94
73
71
46
84
86
80
86
108
147
145
252
80
77
86
108
113
93
111
69
94
107
104
95
73
114
151
95
103
91
166
50
