171
207
161
238
336
169
270
216
179
210
204
147
221
170
208
176
200
221
175
219
192
141
301
171
170
242
357
138
177
133
79
202
218
277
461
209
113
136
195
168
232
200
107
126
123
106
107
184
208
132
264
278
116
158
83
84
133
189
131
134
136
137
169
110
96
182
144
101
259
719
410
167
83
91
137
88
105
136
106
165
118
125
76
78
128
232
81
140
99
80
101
119
126
102
68
68
96
135
913
1041
528
317
206
303
397
228
134
173
270
177
121
154
114
194
146
81
181
107
109
108
175
191
129
115
87
132
107
237
105
122
93
101
215
128
183
131
128
120
133
118
134
100
199
146
175
193
177
856
437
312
219
135
169
136
123
158
133
194
108
143
203
351
198
234
109
226
182
120
130
135
85
102
167
180
148
128
77
141
94
116
91
115
78
80
104
102
246
192
150
158
160
92
93
94
195
99
200
110
116
152
157
113
267
101
79
84
84
224
126
107
162
280
287
139
87
60
94
96
169
113
227
219
163
131
219
112
207
319
239
121
195
375
97
96
112
160
88
153
93
174
828
256
241
135
193
105
144
93
107
72
64
61
114
116
58
70
91
231
76
88
77
73
124
77
68
79
86
141
71
62
68
68
74
59
116
99
93
50
72
75
102
109
87
129
213
112
88
110
122
73
89
78
61
199
145
69
142
129
132
100
56
116
94
77
83
85
61
92
95
89
63
102
260
80
66
80
110
93
145
106
147
141
164
144
88
106
91
90
135
56
58
105
177
117
308
80
126
58
113
92
94
73
83
96
93
345
83
124
238
121
72
53
43
77
88
103
120
84
77
173
85
151
96
137
118
101
120
79
68
98
89
81
63
63
80
75
78
98
103
116
98
103
133
95
121
84
140
82
48
75
89
98
59
83
71
66
72
52
63
87
105
124
108
97
132
106
118
75
85
57
67
74
107
73
65
53
95
79
112
83
69
104
111
103
117
102
67
77
95
78
94
77
66
94
73
90
64
43
124
83
67
81
74
64
60
86
93
104
74
135
69
122
129
91
92
137
217
213
262
127
97
100
85
60
94
147
94
78
91
72
66
78
105
83
88
126
68
117
101
88
70
133
76
152
129
188
144
112
86
73
57
68
80
171
93
84
92
93
66
84
60
79
77
110
76
76
89
91
139
48
97
115
90
170
76
55
108
91
77
108
112
78
85
138
71
109
103
68
81
85
73
179
244
93
92
115
137
97
90
72
72
135
82
76
138
114
111
94
86
122
86
98
97
77
106
86
86
129
80
74
90
156
119
67
82
80
64
67
95
88
41
107
155
128
106
94
402
154
277
125
202
191
77
123
110
153
82
63
101
332
169
154
91
59
85
128
70
99
113
90
76
86
106
105
147
82
86
74
92
136
123
95
132
102
69
69
81
85
88
59
111
118
105
120
151
89
170
106
89
89
86
124
124
98
137
107
105
103
99
112
95
67
98
90
175
83
141
84
99
68
181
83
197
205
112
98
96
68
75
76
79
94
92
72
230
161
118
89
144
108
100
79
128
93
141
143
91
73
75
137
123
152
206
110
75
110
139
98
93
94
79
90
71
75
94
130
65
81
278
60
78
99
56
198
135
91
58
94
70
126
124
96
120
112
87
98
79
60
154
100
74
100
87
99
129
118
108
71
108
121
98
76
79
104
89
114
70
83
106
90
116
139
103
112
76
75
78
63
129
110
61
82
124
65
63
78
71
114
98
87
90
104
108
57
66
72
50
83
67
80
106
143
82
56
45
57
64
52
84
117
107
52
94
170
83
74
106
75
88
84
105
162
87
107
79
95
120
68
55
79
193
239
88
68
107
103
93
110
75
62
72
83
66
101
113
65
103
92
87
91
101
75
99
48
94
80
83
108
61
58
53
94
64
81
73
122
70
130
74
130
82
72
104
96
72
110
81
89
78
107
103
145
89
66
54
90
55
116
113
106
100
161
101
115
64
81
89
90
72
118
103
66
91
118
94
76
50
76
44
105
59
60
162
122
86
68
91
89
100
97
108
96
120
70
101
78
86
99
143
164
157
159
86
82
117
103
69
55
82
112
104
68
88
75
90
128
76
99
47
59
55
82
61
98
56
86
50
195
216
116
71
54
46
73
45
84
81
93
83
101
73
100
87
98
81
73
57
114
63
80
63
125
70
84
103
119
63
114
213
120
125
86
70
94
75
55
54
69
58
81
59
81
77
93
107
84
129
588
99
61
97
122
72
72
79
66
107
153
119
175
105
97
165
101
86
127
116
104
81
85
137
83
90
92
117
100
124
131
148
162
110
173
100
103
72
157
84
109
80
75
77
48
85
63
76
67
79
84
67
50
78
71
93
119
51
59
98
104
130
66
101
55
55
76
78
119
100
123
97
108
95
66
73
82
74
87
79
65
102
76
139
113
171
105
110
105
94
104
97
65
121
120
102
101
201
96
112
125
66
76
204
217
94
101
86
50
75
57
83
124
71
55
47
57
108
59
43
71
61
55
57
735
64
71
106
73
103
155
91
88
95
191
129
83
85
65
46
105
222
82
58
96
63
93
112
123
95
52
62
82
118
115
76
147
80
74
98
108
105
189
151
74
97
67
64
68
70
90
114
220
62
87
112
67
43
70
49
56
137
212
84
54
53
64
34
63
54
63
55
67
83
192
87
102
89
86
123
151
117
76
116
80
133
112
94
99
56
86
67
38
162
137
107
165
131
152
162
78
86
195
110
133
83
86
77
160
288
324
183
183
69
118
159
145
147
119
164
85
85
54
54
77
54
45
741
68
131
101
148
90
217
261
133
125
139
150
79
129
119
185
124
60
75
58
101
100
283
73
65
77
66
58
56
48
45
46
170
164
144
58
62
45
75
113
62
700
202
126
481
345
121
94
89
163
88
47
198
313
188
123
335
124
193
139
113
100
46
66
228
106
108
48
153
169
96
77
94
55
54
63
55
45
65
47
97
59
55
47
69
46
58
61
68
35
70
62
113
106
109
244
108
114
76
94
93
96
58
95
75
70
190
151
176
146
187
61
674
163
114
73
90
82
124
155
68
79
59
98
62
59
90
157
128
47
96
74
81
92
105
100
70
85
89
150
103
91
131
177
189
81
105
233
275
107
105
165
191
117
112
57
90
78
70
71
53
77
203
105
103
103
89
70
115
104
74
99
94
149
123
95
99
103
110
108
90
118
105
73
62
79
54
42
61
54
80
80
69
54
118
51
78
76
49
42
47
41
99
66
49
73
146
125
109
105
165
176
85
129
92
114
70
73
65
76
78
69
99
78
89
91
74
149
176
94
111
110
169
139
78
213
131
140
144
124
88
95
66
46
143
175
72
86
97
127
136
97
97
86
97
115
103
130
101
73
120
79
78
52
67
99
118
111
151
127
59
71
108
84
73
83
133
104
73
83
120
123
83
126
77
90
124
87
48
105
72
82
137
182
142
99
75
140
66
54
62
157
163
162
85
55
75
61
71
162
89
124
109
89
173
75
41
78
65
129
78
76
136
100
69
97
154
96
120
165
174
116
196
338
253
115
126
57
52
55
176
104
73
74
44
135
106
68
51
36
86
56
77
111
71
83
946
432
266
139
88
102
79
57
163
163
215
158
51
139
73
53
77
97
92
46
45
54
64
99
115
92
63
64
88
63
74
98
69
74
55
64
142
91
102
144
154
67
87
81
77
61
31
48
293
438
163
120
149
175
248
146
149
202
213
103
88
66
51
80
108
125
65
110
74
87
107
128
97
130
116
87
164
307
266
102
55
58
62
96
107
108
108
127
130
126
85
147
69
116
120
66
109
160
144
66
113
156
95
93
46
57
70
44
90
56
75
87
79
97
82
537
112
115
74
68
90
72
79
72
146
72
88
109
183
133
111
106
59
116
89
61
102
88
125
81
118
179
116
87
87
114
88
154
119
101
83
100
87
166
65
117
163
100
98
142
87
68
259
339
102
70
42
114
59
102
147
98
60
86
91
76
55
84
65
97
69
152
70
74
90
80
89
134
92
83
196
113
110
75
127
75
157
249
78
59
67
137
93
101
102
156
92
83
57
104
115
95
99
105
150
108
72
85
157
124
86
93
101
57
93
103
52
107
112
114
116
98
48
71
80
71
48
47
124
147
81
65
103
72
155
65
65
84
49
80
235
98
71
138
180
103
72
49
214
178
92
109
99
91
59
73
120
108
178
68
81
166
135
118
115
102
165
108
166
107
131
141
186
116
154
85
129
177
243
204
97
79
92
103
90
140
149
130
105
163
120
514
182
133
90
181
246
194
151
118
77
61
137
88
88
142
114
112
100
72
94
97
103
91
72
190
172
69
110
124
181
108
91
193
213
139
109
127
96
118
87
159
193
117
293
154
143
161
210
84
207
317
74
85
101
95
116
118
456
226
125
101
109
119
281
242
101
144
187
100
108
78
68
62
74
150
103
115
375
108
304
93
140
71
127
88
68
415
121
103
247
201
122
69
85
148
111
76
69
80
110
110
394
106
161
225
102
112
395
141
83
73
153
79
107
55
93
55
93
86
102
105
409
147
154
147
73
200
98
271
99
147
155
129
109
114
141
91
117
147
115
121
92
109
109
248
106
128
96
83
122
94
143
67
111
177
137
119
100
120
67
101
121
130
44
116
308
232
83
83
93
83
115
59
133
81
98
172
131
164
143
140
128
94
84
108
208
192
100
123
93
156
172
119
127
204
97
70
288
421
182
99
111
119
220
184
165
70
108
123
419
115
162
95
107
92
94
64
68
147
337
141
154
90
86
84
146
399
170
196
152
63
66
150
108
182
109
298
133
160
474
206
188
141
300
176
302
176
82
114
70
269
158
95
154
122
161
221
235
181
104
98
88
75
96
110
118
221
228
159
137
91
107
85
89
78
174
561
350
195
248
331
176
183
541
158
114
351
184
231
436
217
92
89
102
73
68
149
151
215
131
69
121
64
93
83
68
168
186
139
128
92
101
97
70
93
106
159
115
135
102
86
136
187
89
140
104
100
76
164
134
189
125
66
84
51
60
131
102
104
115
165
177
131
165
221
140
226
234
234
222
133
149
117
162
150
76
119
169
468
238
181
139
157
99
83
155
124
139
151
771
550
258
323
144
168
172
175
159
132
114
96
109
137
93
65
119
135
92
211
154
233
175
202
220
409
611
121
138
156
185
359
235
142
283
237
267
170
161
1369
245
136
587
353
256
122
131
392
329
388
239
526
133
151
128
374
327
132
124
200
135
132
148
118
218
171
195
90
81
186
411
333
794
466
108
142
201
123
103
92
69
77
243
1013
198
215
302
295
175
179
182
110
231
257
109
187
156
110
126
121
291
241
272
98
170
89
133
149
825
419
87
85
114
349
181
241
91
80
75
87
146
917
166
290
131
224
318
205
97
116
99
107
219
595
194
238
136
159
178
111
331
176
133
249
138
691
87
108
82
130
297
229
273
123
370
353
449
263
61
87
167
144
83
139
120
134
85
67
86
104
73
49
126
92
91
107
64
102
94
94
247
184
201
160
154
182
175
160
81
59
154
167
110
85
85
230
157
146
99
114
110
213
295
174
344
142
77
72
112
62
133
113
100
148
153
154
129
62
98
82
81
63
88
129
63
63
60
84
157
102
138
108
92
58
72
85
58
150
130
72
105
88
153
129
71
53
66
67
192
182
175
183
192
96
103
127
149
158
120
67
99
115
85
163
122
113
70
96
117
95
108
201
153
77
154
71
72
103
86
85
70
63
137
137
90
70
116
95
80
69
99
97
95
89
77
73
117
109
117
70
79
86
129
89
73
164
99
94
108
64
86
80
110
166
95
81
108
77
91
91
93
65
115
134
177
188
59
466
198
89
115
293
162
66
126
118
72
165
103
110
144
118
84
117
174
74
90
78
87
76
110
103
199
114
118
106
99
67
104
106
92
154
140
98
117
88
79
91
78
92
96
109
156
311
81
104
81
103
82
131
164
307
195
177
155
66
158
145
529
139
379
159
185
254
101
73
91
73
237
1309
120
216
144
167
105
115
87
138
146
172
120
122
229
208
203
138
138
73
121
117
120
131
127
93
147
98
119
97
148
130
132
97
102
81
147
299
102
86
65
72
71
76
98
127
108
113
89
132
82
84
96
61
92
87
99
71
78
67
84
140
174
98
153
120
120
80
68
388
118
87
54
72
89
146
100
86
76
116
89
84
60
80
79
79
238
168
127
79
101
84
66
50
74
92
88
117
79
121
94
196
139
175
147
403
219
358
221
162
189
122
105
82
108
96
86
131
95
102
120
348
95
85
88
88
99
106
152
127
80
116
100
94
77
88
67
96
109
88
87
65
75
89
105
73
78
102
214
188
189
102
75
89
111
125
107
103
108
117
125
102
111
120
118
110
192
142
137
93
151
151
118
2085
1101
99
133
112
116
119
168
92
100
128
194
119
127
140
127
99
142
201
118
98
127
141
99
132
130
167
157
152
135
168
135
150
119
111
131
130
98
140
166
135
139
132
117
129
113
113
163
144
147
