36
48
45
45
50
41
32
48
45
36
41
43
31
36
37
28
27
45
46
37
29
36
37
36
54
58
40
13
31
22
39
44
48
30
40
35
26
23
21
30
36
40
44
38
38
29
39
43
51
159
190
52
76
42
37
54
45
40
45
35
56
73
41
24
23
29
42
32
27
23
27
20
36
43
48
26
32
25
40
58
39
35
32
43
98
56
43
37
29
38
39
41
26
21
33
28
33
30
37
40
60
68
42
96
49
58
54
47
45
333
150
80
34
66
61
35
60
84
44
30
33
32
49
66
45
65
39
32
50
77
60
51
43
35
40
47
39
39
53
52
59
88
47
64
149
86
65
39
67
39
40
57
49
50
33
41
89
63
85
45
64
77
45
32
34
27
38
114
62
39
28
22
32
30
30
35
22
18
29
31
163
179
62
50
50
63
47
25
45
47
38
40
37
53
38
37
40
51
40
36
30
30
32
44
57
41
53
38
42
46
30
34
36
61
92
51
49
42
40
31
40
30
39
50
41
29
49
49
34
30
44
38
74
67
56
40
76
38
46
45
32
31
31
28
38
60
23
21
33
61
53
31
28
20
39
49
25
29
22
34
29
26
32
32
20
26
29
32
45
23
19
32
22
58
27
54
43
37
34
60
27
45
29
28
37
40
35
29
34
39
47
18
25
29
43
32
25
29
34
27
33
34
44
47
47
32
34
30
46
39
45
56
41
26
35
49
41
27
28
22
39
63
77
31
27
39
30
33
37
31
27
27
31
29
31
36
32
34
41
31
24
34
36
27
36
29
28
42
36
44
44
44
37
38
38
28
23
33
44
26
21
20
37
34
43
60
68
32
52
52
36
39
33
34
46
30
26
32
35
30
30
23
19
25
21
34
36
33
37
31
32
42
71
28
22
22
22
62
62
31
30
22
164
193
29
28
30
26
32
47
44
29
24
25
37
30
40
32
24
40
39
46
29
22
37
45
30
25
41
30
207
232
32
38
35
44
38
45
42
32
47
49
31
43
44
32
35
31
26
30
35
36
26
28
30
27
29
35
25
35
29
40
31
30
25
38
47
47
54
61
54
50
30
30
31
31
23
36
21
31
27
21
27
24
27
41
29
25
25
25
32
29
32
29
36
31
25
34
31
33
32
38
32
41
36
36
29
28
24
31
41
29
33
37
36
34
32
28
36
30
54
27
30
34
28
182
177
49
46
30
28
29
33
31
25
38
42
40
43
38
34
36
39
32
35
23
40
24
27
23
26
32
39
34
44
36
236
50
46
44
40
44
51
37
44
41
27
30
31
40
34
37
26
30
33
33
38
41
31
42
31
45
39
34
37
34
40
37
36
38
45
32
31
47
27
28
42
32
43
32
33
57
41
27
32
25
37
29
43
33
32
35
33
35
46
34
31
29
27
30
29
44
48
35
27
26
44
38
49
48
30
27
38
31
32
39
32
34
32
36
54
59
20
34
48
48
31
49
42
39
42
56
38
42
25
43
35
49
53
40
42
53
28
27
49
46
34
32
36
31
40
36
28
197
20
30
30
25
37
44
21
26
31
31
26
42
36
42
33
30
34
34
33
46
27
23
18
25
23
37
35
34
35
36
28
33
26
34
33
33
35
29
40
33
33
42
45
39
31
23
28
32
26
48
49
36
47
28
27
23
28
30
37
39
41
40
27
19
21
25
21
24
24
34
37
46
28
19
21
18
20
27
27
29
26
25
51
43
40
42
35
39
28
36
26
33
36
27
25
42
37
31
33
64
53
24
23
35
32
34
28
37
32
34
20
20
19
22
28
27
37
28
37
28
25
22
36
28
35
27
16
19
15
26
23
27
35
33
37
40
37
27
22
23
23
33
29
32
30
31
34
43
39
32
16
25
25
17
31
30
69
37
57
42
34
26
34
26
28
31
31
29
32
20
25
15
16
50
37
45
28
48
40
30
22
27
55
67
47
66
47
32
26
23
27
34
33
38
43
41
29
41
41
32
32
25
22
34
34
24
18
33
36
21
25
36
33
30
22
20
25
26
20
31
25
75
20
24
51
26
21
19
20
18
15
23
19
26
27
30
22
21
26
22
27
21
16
27
18
21
20
25
24
12
36
43
28
32
25
17
23
25
32
14
19
19
17
22
19
16
32
46
23
34
38
43
24
25
13
24
39
42
45
44
42
46
28
42
40
28
40
35
32
31
31
47
38
53
30
24
184
167
46
51
36
42
46
33
35
38
40
25
23
21
39
33
12
26
20
28
29
26
25
19
12
20
23
32
27
16
17
28
26
31
29
22
13
23
24
33
42
40
32
26
25
15
25
22
25
19
28
31
30
34
35
25
21
35
33
21
26
26
30
27
31
34
29
33
49
38
49
27
32
52
30
32
29
16
16
26
30
36
20
14
21
22
19
26
21
19
28
18
246
25
32
37
37
74
77
53
72
26
45
32
30
28
25
14
29
39
41
35
44
36
28
44
21
25
23
19
35
37
34
50
34
37
31
96
39
65
25
45
27
18
17
24
28
32
35
69
15
23
41
21
22
19
18
28
40
43
34
25
22
20
29
31
22
22
23
20
73
25
42
35
27
25
41
38
30
28
35
55
34
33
33
27
25
20
28
47
26
32
43
46
44
40
70
54
197
82
30
127
105
261
180
180
59
58
72
51
97
110
49
50
35
43
66
25
17
147
57
41
57
45
43
77
60
152
64
48
40
28
47
161
75
160
57
34
30
30
95
74
27
32
22
18
21
18
17
21
82
62
61
21
21
17
37
111
119
115
101
60
154
70
41
56
143
47
18
71
82
26
33
112
52
109
72
47
28
89
110
145
61
37
30
35
26
27
27
28
25
21
20
21
40
31
23
19
16
23
20
42
26
48
22
17
24
56
46
77
87
36
41
35
25
52
101
32
64
24
28
113
78
31
45
47
101
29
124
39
24
30
33
46
46
18
19
28
24
27
26
48
112
33
57
39
35
41
28
28
30
52
48
43
40
41
202
53
132
55
71
72
54
46
135
79
39
35
31
25
27
24
17
24
50
37
36
33
25
35
29
37
25
27
36
41
37
34
35
41
60
35
30
34
20
24
26
22
33
23
27
25
34
24
56
35
30
33
26
28
31
28
19
28
27
30
31
35
51
42
58
46
35
30
35
29
19
17
25
28
64
71
59
49
50
47
28
157
51
35
78
44
72
41
46
67
32
32
42
46
32
35
43
33
36
22
23
36
49
26
44
31
32
44
37
33
40
26
33
44
23
20
19
22
27
28
39
40
31
26
41
27
37
32
30
26
36
28
55
25
38
23
30
41
30
14
29
31
25
28
73
43
30
23
14
23
16
36
42
32
30
26
27
43
19
94
39
56
31
46
65
19
45
49
22
10
22
63
34
15
12
14
19
20
24
100
29
120
108
59
46
27
24
31
24
20
29
28
24
26
27
23
22
20
20
16
20
29
22
27
37
44
58
66
46
51
78
24
24
38
46
45
32
55
31
23
21
28
49
20
23
18
18
21
25
28
28
19
35
18
30
19
23
18
21
26
22
21
40
22
25
63
45
13
29
17
15
61
70
52
51
49
58
68
45
37
40
26
31
34
14
33
30
20
27
24
22
27
25
31
66
52
32
47
46
54
74
79
52
31
18
28
25
40
27
37
43
28
25
36
28
37
29
26
39
73
104
80
42
25
33
28
27
28
29
16
18
26
22
23
86
138
93
26
37
28
24
26
23
32
28
37
32
38
46
38
27
35
28
27
27
18
149
51
31
97
32
45
39
39
28
41
59
55
50
29
30
36
29
46
33
33
47
45
61
50
36
34
102
50
35
60
33
35
30
33
38
29
32
74
58
22
23
77
89
51
72
28
32
32
26
35
46
55
47
88
34
34
32
43
52
27
31
24
25
30
33
27
27
31
33
22
24
22
29
36
25
45
45
33
19
40
35
45
33
36
24
33
39
27
29
41
48
38
23
22
32
35
34
19
25
34
34
25
29
47
85
30
87
62
29
42
45
50
27
34
76
41
64
24
68
97
49
63
39
48
43
34
37
86
61
35
35
48
46
42
39
33
52
51
55
21
51
31
32
37
38
43
65
51
42
41
40
34
37
45
63
41
35
39
31
56
71
49
38
43
56
45
68
32
36
44
39
26
34
36
39
46
45
44
32
37
30
45
45
49
36
52
50
59
45
44
99
65
60
55
47
44
46
55
78
57
131
70
49
56
51
80
111
46
57
32
46
59
47
30
75
68
41
37
34
54
78
39
48
50
33
27
20
41
38
40
31
24
28
51
76
48
55
44
37
40
28
53
27
58
69
66
35
32
29
50
32
23
47
48
100
83
27
40
46
31
46
52
27
40
30
42
174
23
35
29
53
61
77
99
76
89
71
57
61
79
46
66
68
56
59
47
31
77
41
39
60
47
55
45
43
24
35
38
33
56
40
63
30
35
24
33
55
47
64
35
27
26
37
47
43
24
52
48
36
25
24
27
40
21
28
32
24
24
43
40
43
66
60
42
42
27
40
72
42
55
37
41
30
45
55
41
88
28
70
59
64
55
59
39
57
45
49
45
51
190
148
35
68
38
63
69
55
49
93
132
467
40
43
269
62
37
30
33
41
34
26
26
92
68
106
58
59
42
93
119
36
59
95
57
122
74
42
59
60
60
35
37
50
39
87
48
61
48
45
35
37
33
39
40
57
122
39
46
35
67
33
63
80
101
163
82
64
65
111
81
76
52
69
68
85
96
83
56
54
41
57
36
37
43
55
59
76
58
34
33
35
28
41
80
29
33
39
35
21
42
29
60
44
30
50
35
48
40
36
51
32
32
30
40
47
50
38
33
29
32
35
46
29
46
53
55
46
36
37
48
40
48
48
40
57
52
38
45
35
23
45
87
119
52
70
82
91
152
137
40
38
39
171
82
82
222
147
95
75
61
254
139
55
38
34
30
41
26
35
37
45
56
70
44
66
68
129
100
52
56
41
84
82
55
44
62
53
51
56
134
111
54
40
119
65
70
47
103
145
97
46
57
58
44
50
99
107
67
53
65
51
37
63
49
101
45
59
42
47
140
99
185
125
54
45
38
35
140
52
64
26
217
134
63
69
225
199
91
77
79
76
70
41
99
61
37
38
40
82
63
66
52
51
35
57
47
161
73
30
45
87
73
80
28
27
29
33
40
114
92
92
243
259
159
62
73
52
48
33
37
154
147
141
60
56
62
38
82
45
34
40
45
100
50
40
41
36
65
60
79
54
119
44
228
56
24
35
33
43
57
216
54
30
33
32
36
28
19
21
38
139
95
31
31
31
40
48
39
44
43
35
38
45
45
32
27
64
50
32
34
30
183
58
61
55
42
153
177
156
64
66
75
29
24
34
34
40
34
45
34
50
44
34
21
25
16
16
21
31
25
24
29
52
44
27
31
34
28
39
49
153
30
36
27
30
33
28
38
32
15
26
30
51
36
49
36
41
33
30
233
39
92
246
23
25
26
22
50
35
36
22
27
33
40
40
78
38
51
86
79
39
32
30
25
27
30
64
31
29
30
23
27
22
25
28
33
36
25
25
24
50
37
21
32
33
45
37
35
37
46
35
59
29
42
27
34
30
33
35
28
26
33
28
31
36
37
59
54
34
133
168
41
169
90
41
36
33
88
40
42
36
45
35
31
33
41
35
30
28
32
21
30
35
42
40
51
46
31
28
205
172
49
43
36
38
30
16
32
80
81
42
29
43
51
34
29
26
32
36
26
45
57
58
31
35
36
43
33
71
62
155
113
72
49
26
31
26
45
155
81
91
64
73
32
39
19
30
37
41
43
134
132
43
77
50
60
30
96
50
36
40
50
41
31
36
39
40
34
54
31
42
30
38
27
28
25
33
26
34
45
30
33
34
35
33
19
34
33
30
70
34
26
27
36
51
28
35
33
31
40
48
37
27
35
34
25
26
26
30
56
40
50
73
33
36
20
33
35
124
146
53
42
50
47
23
21
20
30
31
26
31
35
33
36
34
46
56
42
59
39
39
38
47
29
21
35
34
30
28
28
30
27
76
60
29
33
33
23
28
28
40
36
30
27
31
35
28
24
19
26
38
26
33
31
29
38
31
30
131
63
142
52
52
33
39
47
32
30
28
37
36
67
32
26
22
80
148
40
35
48
89
32
76
125
79
33
39
32
35
34
24
25
45
40
42
22
28
31
34
73
49
36
31
34
38
37
32
47
41
67
66
30
35
28
27
31
27
31
28
39
43
39
37
37
38
29
32
24
28
29
