52
63
57
96
73
44
41
58
42
54
52
53
37
41
46
45
29
46
35
38
32
39
46
51
51
52
61
33
37
40
41
56
62
44
55
58
43
40
25
40
49
49
32
46
50
81
63
61
189
267
87
60
50
40
60
65
49
55
52
64
76
52
42
45
42
35
46
25
37
30
31
40
49
44
35
31
34
43
56
44
42
40
54
104
54
45
41
33
44
39
59
24
25
32
39
29
24
37
39
45
101
51
116
67
75
72
64
61
35
176
158
168
34
68
61
33
44
75
84
58
38
33
36
35
61
69
72
41
42
94
62
39
36
38
43
38
66
47
36
51
56
71
108
50
69
131
63
55
43
94
39
58
56
51
50
34
43
97
79
74
84
57
88
50
29
45
35
35
69
72
45
41
27
38
38
36
39
36
19
24
27
153
94
217
37
93
80
35
34
43
59
46
35
30
41
40
41
35
60
40
29
37
35
54
33
102
50
46
30
34
36
32
43
40
66
73
38
47
47
51
36
44
66
52
69
64
43
49
46
43
31
38
46
80
81
70
52
50
37
45
45
32
34
29
26
33
35
23
25
37
44
614
31
29
23
45
39
31
24
31
30
30
27
26
34
22
21
37
39
36
31
28
51
37
33
30
50
56
42
35
35
75
31
34
24
26
41
37
37
36
40
38
31
28
32
33
41
34
27
22
32
32
64
35
87
41
30
40
37
43
41
39
67
48
45
40
49
42
48
31
33
29
43
68
61
34
28
35
32
52
33
593
30
37
37
223
42
35
48
35
20
23
31
39
30
41
35
36
51
34
616
37
38
40
47
39
34
30
41
41
26
30
28
38
39
39
61
38
36
54
46
34
48
41
40
37
38
30
28
31
27
30
35
30
26
27
36
41
32
41
47
35
42
77
31
28
30
38
71
36
29
33
31
27
178
125
32
35
32
33
41
41
39
41
31
41
32
37
42
23
26
39
41
41
27
32
43
40
34
32
43
31
258
303
29
38
40
35
36
46
34
29
46
40
31
53
49
33
26
42
29
34
44
27
45
31
26
35
25
51
28
28
54
30
32
33
34
32
38
31
53
52
74
47
48
30
30
39
35
31
53
32
34
38
37
32
26
29
30
33
33
40
28
26
42
33
33
93
90
22
30
34
36
32
38
39
44
31
49
44
44
33
611
60
38
27
32
35
44
37
36
37
39
46
32
41
50
30
33
161
176
623
34
33
39
28
32
35
36
44
28
38
36
30
32
45
48
30
38
29
34
32
25
24
20
26
43
42
41
33
265
29
43
52
53
53
63
33
54
43
42
29
38
36
50
35
39
29
30
29
31
38
44
37
27
34
32
42
47
49
33
33
35
38
34
47
41
24
40
30
41
30
31
30
40
38
139
42
36
28
36
27
31
32
36
34
39
34
36
41
37
32
26
34
34
29
43
38
39
33
33
34
49
37
37
57
36
30
36
37
26
34
33
35
38
30
45
34
29
30
62
34
39
35
30
39
50
51
37
29
27
57
41
59
70
60
31
32
31
37
36
49
26
34
41
37
38
37
32
343
27
33
39
30
41
62
28
29
33
36
45
40
39
599
42
32
36
36
34
42
38
27
25
35
32
46
43
89
34
35
147
31
31
610
36
35
31
32
41
32
74
51
36
26
29
34
28
71
44
43
42
48
35
38
31
36
33
26
36
42
29
31
25
82
27
27
21
29
42
96
88
44
83
75
24
29
24
25
22
31
23
55
47
35
42
40
39
35
36
34
35
61
33
33
53
33
23
24
69
82
29
31
40
69
40
36
34
32
24
17
15
30
31
26
32
32
34
33
28
34
20
31
39
33
27
25
19
26
31
32
45
30
42
61
47
66
105
31
29
33
32
35
36
38
29
39
30
36
35
23
20
30
25
87
37
41
48
60
41
28
26
32
49
91
56
26
21
28
31
36
42
28
20
21
32
29
53
38
32
27
26
34
46
40
40
42
40
32
33
31
38
38
43
41
60
42
27
37
60
25
22
32
41
34
21
34
39
26
26
39
38
35
25
19
30
28
31
26
39
44
23
33
38
25
21
25
22
27
31
21
32
30
32
36
29
22
74
28
30
35
19
29
26
23
30
37
31
26
31
66
28
46
34
33
29
37
34
29
20
22
26
24
26
18
33
29
30
26
36
26
33
29
31
22
26
26
27
42
49
49
50
48
40
42
40
35
42
35
33
34
42
54
29
31
39
143
169
47
45
57
43
113
42
26
41
38
37
35
33
29
21
31
30
27
34
24
30
32
24
20
27
27
31
21
17
29
30
36
27
27
30
21
24
21
30
62
47
26
37
30
26
33
27
24
29
30
29
37
31
36
738
2371
4534
34
31
31
28
26
35
59
41
49
41
38
35
50
24
34
107
41
34
35
27
20
30
28
31
26
22
23
26
28
35
24
24
24
26
24
99
85
24
48
37
80
36
80
95
24
55
87
37
36
36
26
30
29
39
22
52
32
30
36
50
35
24
24
25
45
34
31
51
41
34
35
37
47
46
41
28
31
26
27
26
25
36
32
42
33
23
30
23
24
25
26
20
56
55
25
22
24
20
22
47
36
30
27
23
45
38
25
36
30
23
36
72
39
31
27
30
72
40
37
38
80
1400
3019
1826
1380
759
805
33
45
41
37
49
96
43
71
32
30
108
93
208
189
203
32
56
75
33
44
32
54
32
38
24
22
31
25
22
102
35
52
78
74
31
100
127
153
47
44
49
34
44
160
100
169
53
33
32
29
55
116
26
36
23
20
18
44
17
21
26
166
43
67
23
25
21
136
128
169
77
138
42
130
34
40
49
159
40
18
60
87
31
35
106
89
60
45
27
24
70
222
109
25
37
27
36
35
30
38
23
25
22
21
31
41
17
25
22
22
18
28
24
23
32
23
42
23
40
35
39
56
33
46
38
36
35
43
31
31
28
30
149
83
29
37
67
108
24
139
56
46
25
39
29
25
25
25
29
29
23
33
92
92
122
36
57
45
54
50
39
40
39
43
68
48
37
35
221
121
194
58
99
93
63
44
157
186
57
36
40
22
37
30
24
29
34
36
35
38
38
26
34
36
38
23
34
51
47
37
30
32
47
40
60
62
34
24
22
32
29
24
24
22
30
31
27
80
220
54
86
89
85
93
25
25
25
27
31
42
46
40
60
52
62
44
42
37
35
31
26
27
35
27
76
132
58
63
24
39
156
94
112
48
57
55
79
67
53
166
41
75
77
64
68
73
59
28
30
20
34
30
50
41
46
37
41
36
57
37
46
33
37
39
25
21
22
29
32
39
47
40
29
29
38
55
28
34
26
34
32
36
38
47
32
126
43
37
44
29
46
38
45
32
47
87
49
40
31
23
26
50
52
90
55
47
69
65
83
29
71
42
69
35
84
36
24
39
33
59
25
31
45
48
35
29
107
46
47
75
55
59
98
118
38
41
40
33
22
58
38
27
27
21
37
38
33
28
22
26
23
27
40
33
47
108
129
54
42
48
31
21
39
43
43
55
31
65
31
26
28
24
32
27
22
22
31
30
35
31
22
22
34
25
24
26
28
23
23
29
25
50
21
60
28
67
36
19
24
20
17
27
102
69
39
64
52
70
56
51
159
138
40
50
37
22
24
49
42
33
43
29
31
40
50
207
47
63
49
62
63
44
75
30
29
27
26
52
36
42
31
47
34
34
35
25
38
24
30
126
75
36
37
31
40
38
32
25
37
38
22
38
30
28
48
38
124
36
34
27
22
30
26
32
29
39
59
32
34
31
50
32
41
28
34
32
34
38
48
34
32
37
40
31
30
43
54
61
39
37
30
35
36
38
48
39
33
39
74
65
39
24
73
92
43
67
38
37
35
42
56
46
30
29
28
38
27
39
21
38
33
61
57
38
31
32
29
46
28
50
47
44
35
46
25
30
56
34
26
32
34
39
43
34
31
32
35
30
27
22
30
30
26
35
45
29
29
41
36
63
44
38
29
35
39
41
34
48
50
38
29
28
41
38
38
15
21
35
32
30
29
43
38
77
132
35
50
42
33
50
50
41
46
75
73
37
52
77
53
73
47
54
61
38
44
87
82
57
33
46
55
40
38
28
48
41
68
59
33
34
40
37
40
35
36
39
64
55
38
38
158
71
108
57
46
46
39
38
37
77
81
42
47
45
60
55
39
45
32
65
38
36
39
254
59
54
38
48
37
34
40
32
45
45
45
33
52
1439
59
49
94
76
88
43
71
44
75
41
84
50
183
235
59
62
56
59
85
180
1498
36
42
31
31
48
36
88
71
39
38
45
71
48
44
46
61
40
42
31
38
63
46
43
30
33
65
89
51
47
68
31
39
28
53
59
43
122
100
144
42
33
47
60
33
30
74
78
37
99
40
43
41
57
49
76
49
35
47
68
46
44
34
30
29
91
125
83
103
89
59
53
69
81
49
36
95
45
82
65
57
54
81
39
84
81
156
87
41
42
73
30
42
89
73
39
40
33
33
35
65
48
43
38
36
35
37
44
48
24
77
46
50
32
43
33
51
36
38
36
36
105
44
45
84
54
41
43
22
52
80
65
54
47
36
38
51
45
31
86
29
83
95
102
75
52
44
64
51
43
53
66
56
131
59
52
51
46
76
66
60
32
163
212
82
229
40
67
37
202
145
66
78
94
41
42
29
34
55
60
34
54
54
105
75
42
54
30
84
183
34
33
57
51
40
47
38
32
117
72
57
56
50
48
44
52
49
57
108
113
60
56
53
45
45
59
43
56
79
87
96
74
58
83
71
89
43
70
97
234
161
69
48
93
38
36
36
55
56
59
75
55
36
34
37
41
55
53
43
26
28
40
37
34
37
46
51
37
36
40
33
43
47
36
49
47
28
28
45
54
54
46
32
33
26
45
73
41
44
138
80
54
48
40
58
55
57
62
59
54
73
44
51
45
32
45
82
192
81
121
119
38
48
38
44
59
54
153
127
92
169
214
63
48
79
158
106
51
36
35
34
43
28
43
40
58
50
71
58
75
88
166
138
118
54
41
100
136
94
50
54
62
89
75
57
187
77
72
163
92
117
58
47
133
132
93
49
47
58
72
73
99
112
58
61
73
55
44
57
43
71
92
76
62
52
126
58
165
101
1965
56
29
41
158
99
79
48
49
171
87
60
184
269
291
85
126
112
67
46
1860
125
37
43
43
80
83
75
125
59
36
70
83
127
113
43
35
42
109
95
95
33
37
48
48
37
126
67
64
239
471
173
108
59
52
68
41
282
143
104
78
54
65
43
106
80
43
53
124
67
53
72
38
92
91
135
74
122
49
70
146
51
29
60
41
43
39
62
31
34
32
36
49
32
20
31
36
36
32
25
29
25
36
53
52
47
43
50
37
55
44
32
23
55
52
38
41
43
119
91
120
39
68
50
221
222
80
104
76
22
37
29
38
47
37
59
47
42
43
34
38
32
33
19
30
32
30
27
29
37
49
37
38
37
36
38
26
32
32
56
50
30
42
36
48
43
27
24
31
26
77
74
61
56
61
31
63
34
46
84
31
35
28
30
54
38
35
36
27
36
26
55
44
50
45
108
113
35
34
35
34
24
34
37
49
32
37
27
31
23
26
34
45
33
34
21
26
36
39
31
23
34
48
37
34
152
123
38
49
34
45
35
36
31
39
41
43
30
38
33
48
35
30
44
69
51
23
28
82
52
144
214
57
39
46
73
35
38
47
50
43
43
33
55
61
33
39
33
34
30
36
43
65
51
59
54
36
43
275
211
43
61
51
39
49
27
38
118
115
54
28
48
92
32
41
38
40
41
64
51
103
85
55
35
25
67
46
105
92
202
189
90
60
52
28
34
36
129
150
59
69
41
63
41
38
37
42
41
56
50
158
186
59
60
41
52
40
48
45
53
37
43
33
42
37
71
54
59
33
33
34
48
146
42
23
31
36
38
33
43
49
38
64
48
34
42
33
38
47
29
54
29
39
42
36
38
40
34
46
33
36
46
27
159
68
34
35
26
37
37
44
38
36
38
35
36
35
35
34
152
205
93
65
46
43
30
31
28
36
41
42
42
36
61
56
40
48
82
59
194
41
159
34
61
56
38
34
49
37
24
37
40
41
34
88
39
25
40
33
34
34
38
36
32
40
43
35
35
30
26
27
32
31
29
25
29
39
40
36
35
153
73
188
34
47
32
35
37
33
28
42
34
33
34
31
32
36
27
155
134
63
33
53
101
40
310
138
29
26
39
37
45
59
31
42
62
46
39
27
32
41
42
42
38
51
32
36
36
39
39
40
38
54
58
38
44
44
33
28
28
41
34
34
36
35
37
32
41
42
35
37
32
33
