209
210
231
347
128
205
245
249
174
191
167
161
213
133
181
181
152
240
206
269
145
182
271
194
193
367
152
119
178
122
137
229
229
196
198
197
182
239
162
179
227
221
206
247
322
197
199
197
251
207
1170
540
181
179
155
184
226
212
252
197
317
238
650
512
177
118
154
449
154
94
191
151
155
169
203
129
115
149
140
185
195
212
148
126
227
509
270
274
161
174
166
220
182
205
94
179
145
186
134
144
183
165
205
222
160
437
271
294
841
233
185
914
919
594
365
233
229
128
135
187
254
253
221
155
102
172
278
382
278
241
200
162
117
424
286
197
195
141
153
190
175
215
152
213
303
228
306
262
285
590
380
286
215
320
170
183
227
249
232
158
220
494
232
302
279
221
452
222
157
124
116
153
193
282
208
283
116
182
176
127
255
224
154
189
169
201
1017
288
330
208
240
159
93
138
138
134
257
138
112
143
249
129
163
126
156
165
164
142
141
118
204
228
151
204
153
135
386
217
168
175
587
689
174
151
211
232
145
321
178
135
433
154
102
202
196
84
137
185
171
245
325
205
222
120
472
167
158
103
147
155
141
119
196
204
99
136
146
357
207
214
132
135
173
153
150
132
142
158
140
153
92
129
119
79
242
155
182
161
108
176
210
171
182
163
211
172
184
176
243
112
129
146
117
142
161
139
152
174
209
199
113
180
127
141
170
174
127
112
123
112
135
132
153
127
149
162
142
181
239
185
148
242
196
187
108
241
153
129
158
149
122
177
208
215
167
100
164
181
159
149
162
121
152
153
150
138
184
141
151
212
128
112
116
104
137
169
153
147
97
223
186
264
145
146
189
149
186
196
166
264
131
98
136
110
153
178
279
149
168
178
244
223
202
172
175
189
94
268
160
77
616
126
206
1304
1021
3528
414
3897
891
283
1088
491
562
361
295
168
201
269
223
233
328
316
271
205
597
338
1666
566
200
357
434
526
406
367
349
703
770
205
120
227
192
142
141
121
160
237
159
92
180
333
171
148
136
146
121
112
157
190
138
173
252
175
197
238
188
193
162
135
314
374
218
118
149
145
96
287
247
198
103
155
164
208
132
242
210
201
113
159
221
135
140
139
137
210
208
205
240
237
196
125
99
158
135
124
164
115
184
136
162
125
155
114
97
230
109
154
127
122
211
195
111
211
169
205
128
179
220
120
199
138
198
155
159
217
203
115
133
137
136
231
177
224
221
361
183
133
209
179
152
188
149
163
218
269
5194
3834
3096
2881
2651
1435
1568
1670
2354
785
200
170
301
212
227
127
143
126
0
0
15705
10734
80
84
73
108
98
127
246
266
93
140
465
140
280
217
202
235
211
148
186
181
110
80
96
164
193
157
96
110
132
133
100
145
123
113
107
151
156
212
205
183
107
158
159
186
176
151
239
162
144
84
180
81
243
114
195
146
158
235
205
88
148
140
127
118
171
168
158
167
189
177
200
158
133
176
205
147
107
134
659
185
157
96
145
208
144
248
330
175
142
100
113
106
162
205
157
146
158
287
687
182
133
121
154
135
170
177
195
155
208
193
171
126
127
146
310
201
255
212
163
149
133
132
154
117
84
129
114
114
182
121
106
514
82
138
89
120
121
212
172
150
127
106
177
203
140
148
193
151
149
146
105
115
242
111
151
852
819
149
206
661
1573
599
377
168
177
191
167
198
151
206
135
419
425
2141
13082
126
329
1443
7532
132
1289
4490
6049
4127
121
192
197
158
87
173
96
151
155
177
254
867
1266
1475
6383
78
107
95
125
175
190
172
106
117
85
93
147
123
109
198
134
194
127
147
158
137
145
120
154
189
173
197
131
148
139
248
120
136
138
285
233
183
146
190
196
150
117
111
98
144
146
184
267
162
68
63
77
10048
16164
8024
1600
131
90
108
74
140
113
114
68
89
88
86
125
87
346
150
186
102
216
78
88
167
105
122
111
59
59
103
128
139
131
128
90
65
112
100
103
135
114
514
219
135
100
96
99
97
103
73
124
105
85
88
145
93
92
111
208
297
129
59
111
113
117
132
103
116
244
389
0
0
0
0
0
0
0
0
0
0
0
0
23
3249
12407
16525
116
107
114
158
142
131
85
113
128
119
105
195
142
121
1220
183
101
98
162
101
192
209
180
130
213
104
115
115
140
83
111
146
141
119
129
104
121
105
91
97
109
107
122
77
136
126
146
166
135
126
153
131
100
276
109
115
103
128
125
94
92
90
107
81
116
106
137
133
133
162
99
1741
169
355
191
120
129
113
112
144
161
247
229
928
251
127
188
434
141
228
271
200
168
160
216
547
175
164
204
1178
1176
168
219
384
238
231
188
163
99
121
230
177
115
84
63
118
93
140
103
171
128
135
85
88
127
111
106
157
98
91
96
127
147
103
162
137
89
103
110
119
213
153
142
232
139
99
87
109
145
136
70
139
141
111
139
229
173
181
164
137
114
157
126
129
158
138
149
155
212
234
158
157
148
107
190
220
224
225
151
70
134
123
109
188
151
86
100
84
55
25
4808
11736
10566
81
107
206
197
148
204
110
142
174
123
151
138
247
220
206
123
183
143
105
265
273
190
111
178
152
157
177
207
132
128
127
249
227
187
211
254
119
171
179
156
128
112
129
141
167
61
138
106
127
177
237
199
155
128
157
115
101
86
114
109
180
200
76
115
116
107
85
73
146
144
174
128
130
157
117
94
174
81
173
287
215
150
142
121
154
162
139
132
90
134
111
85
396
147
146
143
133
79
201
114
110
236
221
233
182
120
107
439
219
996
313
580
120
139
162
204
176
124
238
155
151
95
112
117
104
123
234
130
112
214
158
184
173
491
464
229
167
169
168
179
980
142
335
135
147
131
181
148
338
141
155
125
95
112
212
92
104
96
125
233
133
79
111
98
63
358
345
206
202
187
206
274
140
138
121
122
134
93
93
578
158
129
184
126
304
161
161
177
88
122
725
384
118
88
190
214
160
130
155
123
73
107
107
95
121
109
155
110
133
85
109
97
141
110
154
104
86
113
180
185
953
331
257
158
114
120
577
464
148
210
87
114
170
177
113
230
227
122
177
629
220
112
93
127
205
95
132
123
118
126
99
109
132
161
329
194
135
109
152
124
231
168
127
150
441
271
181
122
196
870
569
251
87
352
275
350
200
268
1263
156
135
133
2137
2447
101
119
85
95
163
121
149
142
168
130
113
141
131
142
272
260
189
170
156
330
112
162
147
314
231
111
104
116
103
367
175
223
337
237
316
296
367
2554
4996
3373
1406
89
110
74
96
128
111
842
419
146
163
264
208
187
146
152
170
139
123
72
91
88
126
164
238
130
114
120
101
985
176
180
128
109
188
167
152
286
186
189
144
188
168
121
145
104
130
162
128
120
157
167
186
169
110
110
127
108
130
164
141
87
112
165
131
125
99
102
110
141
138
128
129
97
156
207
100
83
132
135
155
129
135
189
116
151
114
120
184
156
71
113
109
137
123
171
159
170
141
217
83
153
70
213
229
235
258
98
124
114
161
162
232
197
243
121
148
2225
4388
2895
997
134
190
86
192
161
144
92
121
219
144
140
264
175
984
502
364
350
221
104
112
110
79
317
83
129
141
155
196
139
125
76
110
126
106
182
188
125
131
1656
492
333
184
147
995
99
92
113
214
276
277
271
174
119
107
121
519
3384
3547
120
1
0
46
8943
8563
99
142
92
133
110
126
106
96
131
198
148
10326
27548
14701
510
107
87
67
107
109
142
622
612
298
241
198
249
378
202
162
146
163
113
155
110
102
101
191
240
132
153
192
98
137
226
203
178
265
222
222
744
192
230
125
131
88
142
180
103
92
252
234
151
141
139
193
143
183
131
180
210
703
219
140
82
82
119
83
156
157
200
125
125
121
133
137
973
291
454
110
198
128
156
164
117
144
123
362
115
181
130
381
646
140
168
141
168
160
130
197
144
506
122
227
373
266
172
182
151
162
204
234
171
124
146
194
206
220
177
509
391
137
253
135
78
450
250
101
106
65
181
163
134
217
168
135
178
137
153
85
132
105
158
194
164
103
82
170
150
129
140
148
148
241
173
164
152
201
111
156
225
171
118
125
206
170
194
147
210
138
175
127
108
212
233
161
135
190
252
221
145
195
200
224
155
191
141
134
177
131
147
183
260
185
209
113
168
134
151
115
98
181
224
172
184
166
185
127
206
143
148
88
140
352
267
137
178
180
360
187
131
108
578
276
223
225
273
235
195
108
224
276
347
152
168
463
218
436
237
206
179
224
231
154
319
406
329
183
237
501
220
313
235
298
382
225
1637
343
158
206
213
189
233
169
394
1364
427
199
177
404
594
283
170
206
143
272
452
126
190
240
208
213
103
161
161
141
167
164
210
225
239
240
626
201
166
166
192
287
179
210
133
191
174
196
203
209
112
335
266
203
227
201
209
234
356
965
134
192
222
176
250
173
596
366
211
237
159
194
228
230
1604
175
147
129
70
119
94
124
138
134
150
978
1029
1279
202
199
210
228
146
167
199
214
110
152
178
213
144
135
213
283
1303
750
102
187
200
349
256
238
160
145
216
233
438
157
138
187
260
230
222
335
206
209
208
148
223
178
267
270
264
136
119
194
121
148
178
164
304
169
189
174
185
216
240
221
136
178
166
223
478
185
130
168
104
157
149
197
198
95
168
269
176
136
252
114
145
214
211
238
117
171
3928
9582
4125
319
119
110
113
103
112
122
197
226
160
249
272
182
176
159
160
178
425
230
189
157
108
284
223
172
442
485
214
148
256
319
190
151
170
221
336
251
193
128
135
338
879
199
151
170
153
131
269
131
237
241
777
216
224
186
112
149
526
725
149
941
389
221
150
134
196
293
180
311
618
652
1706
322
217
212
1267
350
989
284
329
510
259
185
104
232
163
137
715
928
237
226
145
163
439
844
5501
2083
4605
5442
5738
329
231
186
181
124
127
185
442
1274
360
346
771
512
238
445
1242
203
445
277
298
242
446
236
190
182
217
109
149
211
373
177
351
127
131
179
148
151
130
260
820
241
202
126
206
146
167
127
156
316
179
190
217
136
175
243
179
247
198
174
114
236
243
289
292
144
153
161
211
183
147
174
370
247
240
192
198
310
184
458
435
511
385
319
232
185
217
313
270
214
412
494
451
324
293
359
279
132
257
255
244
271
749
714
422
1187
336
344
288
345
356
1048
237
260
223
236
176
137
208
260
210
312
258
402
229
381
363
746
602
413
212
317
303
522
405
311
315
571
498
297
306
1401
674
605
335
526
492
171
252
497
551
931
384
1225
309
340
194
558
750
235
251
184
514
233
290
267
339
611
392
147
176
281
461
526
1188
968
315
269
291
147
294
268
127
116
115
1014
1194
649
422
1129
474
290
260
225
300
447
199
408
357
183
183
235
358
221
347
303
231
160
206
263
1012
1551
728
115
192
475
229
178
110
141
135
165
178
1426
1040
558
949
1824
903
461
160
165
158
167
392
916
859
479
262
192
232
222
415
243
320
202
274
863
290
141
113
150
262
392
293
144
672
332
696
317
126
81
253
208
182
195
383
201
195
131
180
197
185
117
138
166
179
150
163
141
140
126
376
424
264
339
282
297
362
297
199
153
150
469
301
181
183
243
275
228
193
145
171
300
955
530
540
262
184
135
209
138
133
204
129
198
307
287
181
206
119
160
180
124
105
116
168
128
121
132
193
207
232
223
135
103
84
101
135
98
209
145
158
172
158
183
203
134
111
105
115
229
296
173
495
166
183
451
301
190
2461
1303
122
118
122
182
269
243
228
196
158
174
197
197
276
159
167
552
126
142
192
170
121
156
156
238
180
182
166
176
199
144
158
117
156
130
255
122
117
145
147
202
141
124
182
178
194
148
262
135
172
118
134
142
186
188
310
170
160
233
139
128
142
175
144
178
281
283
502
238
241
260
176
1086
422
346
139
137
176
127
594
201
178
200
233
154
308
231
142
175
155
158
152
165
148
345
206
263
234
132
243
339
908
342
211
261
175
173
148
100
132
194
237
236
183
165
152
135
179
175
168
114
135
175
248
193
159
141
131
274
183
193
172
199
1028
272
247
107
168
199
140
216
1597
289
202
371
292
208
201
196
146
190
182
82
227
1141
300
180
189
148
152
155
148
149
165
145
147
228
277
264
125
186
296
198
185
220
176
154
122
174
195
135
137
140
128
147
169
203
186
146
237
140
144
136
151
164
131
352
150
145
122
150
178
235
188
165
133
173
137
124
105
211
213
152
118
121
172
205
154
183
164
132
203
167
92
193
243
805
322
184
130
120
170
128
82
110
162
164
243
201
136
191
730
192
319
250
186
263
219
109
175
225
261
225
108
222
182
214
130
159
206
143
589
222
141
130
93
220
126
135
141
164
176
132
168
118
162
102
177
163
136
115
154
594
397
192
486
407
319
1068
189
376
121
156
145
213
160
185
151
127
180
164
122
152
136
154
160
171
919
167
159
221
232
223
249
479
438
156
174
213
169
189
130
131
187
333
298
181
144
121
158
249
275
232
147
189
220
148
232
161
207
206
176
225
216
160
204
282
161
184
223
187
171
220
210
235
207
188
305
193
176
216
292
122
198
