12
19
18
20
44
12
14
17
16
8
20
21
15
17
12
11
14
10
15
5
12
10
13
16
14
13
7
5
8
9
15
17
15
14
7
11
14
13
13
11
15
20
12
23
9
15
12
16
20
40
46
13
13
11
10
17
15
18
12
9
15
29
11
12
4
20
11
24
26
10
7
12
11
22
23
21
12
20
15
22
10
19
10
30
50
25
17
21
13
31
25
21
7
7
23
16
7
9
22
23
23
33
20
59
23
23
22
18
17
14
24
15
14
32
14
13
15
39
27
22
28
20
17
27
40
24
24
9
16
48
29
14
18
10
15
17
26
11
14
14
16
21
53
47
25
79
33
25
16
53
10
23
24
27
24
24
14
56
33
52
43
13
59
31
22
18
17
15
9
25
14
16
9
15
5
14
10
13
6
11
13
14
17
49
30
15
15
14
21
17
20
42
43
8
16
17
19
20
11
49
13
19
15
20
20
21
15
10
17
13
17
10
11
19
27
18
15
22
26
11
18
15
40
45
17
28
30
12
10
16
21
36
45
57
20
33
17
21
17
14
17
12
17
19
29
15
14
14
9
20
12
13
6
14
12
10
15
12
15
12
12
15
18
5
12
19
12
14
21
15
25
19
17
10
16
33
15
12
47
15
14
13
13
11
6
9
13
18
15
15
8
15
15
18
7
8
10
12
35
12
11
28
16
20
14
16
12
16
14
19
19
13
6
19
12
16
13
12
14
25
31
37
9
7
16
18
24
18
9
15
18
23
17
14
29
17
13
8
17
11
13
17
16
13
10
19
13
17
12
13
8
11
17
24
17
13
16
6
10
8
18
25
12
45
20
48
19
11
7
9
13
7
32
8
11
13
13
12
13
16
8
7
8
20
15
24
17
19
9
9
52
9
11
18
18
10
37
45
19
12
11
46
14
14
11
15
13
14
9
16
16
13
15
11
12
13
15
19
17
14
18
30
13
11
7
28
7
165
192
15
16
31
14
17
16
12
11
13
11
8
18
20
10
13
22
7
14
19
13
14
7
7
14
19
15
10
16
8
23
13
6
12
22
9
21
16
31
11
11
16
10
7
18
4
12
13
11
10
7
11
11
12
13
10
11
5
8
12
11
7
11
5
10
14
22
16
11
12
14
19
17
42
17
17
21
7
14
9
20
15
14
25
18
13
12
15
40
9
18
16
11
12
19
19
19
14
12
14
19
17
9
11
11
22
18
16
13
16
19
21
17
16
10
15
11
13
5
13
14
12
10
20
15
25
19
19
25
16
21
18
20
16
7
15
16
17
19
22
10
10
14
16
12
25
9
5
6
11
22
21
15
14
13
21
20
16
15
20
18
17
18
31
11
12
23
18
13
15
14
16
8
9
12
10
20
12
6
8
16
17
20
8
10
14
7
10
17
20
8
18
11
11
11
7
19
9
15
15
18
11
27
11
12
14
9
7
41
11
26
16
14
19
12
11
15
15
18
16
15
16
39
10
17
23
11
10
12
17
20
7
35
15
22
19
13
5
14
12
18
8
13
9
17
30
8
11
7
14
17
12
10
13
17
10
11
9
21
10
8
18
8
7
25
33
13
22
17
19
9
18
14
15
19
10
22
11
15
11
19
14
15
12
6
14
6
16
27
22
10
16
23
18
13
17
23
14
22
14
16
10
11
13
9
15
15
12
17
16
13
13
6
5
14
11
9
15
11
7
30
10
17
15
16
22
9
16
19
27
18
8
8
18
10
6
12
15
9
9
11
14
11
7
20
11
13
9
10
12
11
6
10
5
16
11
14
9
9
5
15
10
11
7
11
8
4
9
18
8
22
14
21
12
16
9
13
9
10
10
15
18
9
11
9
14
17
8
7
10
6
25
45
44
60
38
17
13
9
26
5
11
7
19
13
21
8
17
6
8
6
31
13
12
37
8
6
8
10
16
13
41
43
31
7
13
13
14
15
19
15
18
11
8
16
22
11
11
6
13
20
8
10
8
14
7
9
15
6
9
8
5
6
9
4
14
9
13
98
8
16
8
8
10
10
7
12
10
8
12
11
10
13
14
11
9
8
6
12
13
6
11
13
12
7
19
34
21
23
17
9
9
16
22
4
6
7
7
9
13
6
10
14
9
14
14
10
10
14
7
7
23
10
23
14
11
32
9
10
16
19
5
18
10
18
16
10
18
30
25
12
10
13
21
24
16
15
19
29
18
21
11
25
10
11
28
10
6
6
5
10
8
10
8
3
6
4
8
7
10
7
7
5
7
15
18
12
13
7
10
6
16
11
8
12
15
11
7
7
12
14
6
8
15
14
18
8
813
611
20
10
21
11
10
12
11
13
11
9
11
30
23
16
15
56
16
13
14
7
12
6
4
18
10
13
9
11
9
15
7
6
16
6
86
8
8
30
9
9
68
17
27
14
10
10
19
18
11
6
17
22
12
21
25
10
13
15
11
18
19
10
18
22
11
13
15
10
13
27
18
41
51
12
15
9
6
10
12
12
6
64
10
7
12
5
11
10
6
8
15
92
19
66
6
19
18
63
5
13
11
10
57
21
37
9
14
13
13
25
14
14
11
8
26
16
10
7
28
75
199
134
65
80
45
6
23
129
16
31
51
15
99
16
16
68
113
82
38
63
15
18
27
23
25
43
17
26
16
6
7
9
5
84
6
36
17
20
31
16
66
55
25
59
16
16
13
21
16
20
18
22
12
9
7
165
20
9
11
9
9
6
4
10
13
92
25
55
11
8
7
7
11
81
80
12
121
44
25
19
81
32
21
5
11
6
31
84
18
32
30
34
14
17
8
17
53
30
17
10
17
9
14
10
11
9
4
9
12
9
4
10
10
5
8
19
5
19
12
8
11
30
17
25
17
15
12
12
12
16
11
28
10
10
12
23
72
62
25
21
37
73
8
84
10
6
17
10
32
9
10
8
11
13
10
14
25
12
6
12
15
14
20
12
12
10
15
20
23
13
23
31
10
21
18
34
29
22
12
15
28
18
16
11
13
10
10
10
12
26
29
26
13
20
10
12
19
17
15
15
15
27
19
18
22
19
7
13
18
13
10
9
27
10
14
12
10
16
1
22
13
20
6
3
2
8
12
11
10
11
19
20
15
16
22
20
20
16
14
13
15
8
15
13
17
14
11
9
5
10
9
28
13
28
38
8
11
22
29
12
26
43
34
10
15
12
22
8
12
5
15
14
15
13
13
10
14
15
16
13
11
15
13
9
10
13
6
12
15
12
25
15
10
19
27
17
11
14
13
9
19
15
13
9
7
5
18
15
8
12
7
10
11
5
29
6
18
12
8
6
7
26
7
13
6
7
6
10
7
11
15
18
11
31
9
9
14
21
12
20
16
8
11
29
27
23
20
12
24
39
14
45
17
9
12
14
6
28
7
11
10
8
21
10
9
8
12
10
16
10
15
14
61
63
22
17
9
8
13
9
25
17
11
8
30
12
14
6
6
16
10
8
8
8
9
6
6
9
8
4
9
14
13
4
14
11
14
13
11
9
6
9
6
13
8
29
15
19
9
22
23
33
12
24
19
11
57
4
7
6
40
84
11
9
19
17
12
38
14
9
10
17
37
15
36
15
15
10
11
15
9
11
13
35
17
6
23
12
23
16
15
26
20
14
9
20
19
10
9
21
9
16
12
12
6
13
13
22
23
22
14
14
9
18
12
10
7
37
19
19
25
18
19
20
12
9
12
12
14
19
19
17
13
13
14
87
32
20
14
12
27
18
12
8
14
28
26
13
22
10
15
18
43
11
16
11
18
18
13
12
6
20
19
12
9
14
21
10
8
11
12
15
7
14
6
10
16
11
33
12
15
22
24
15
13
11
26
9
14
10
8
18
10
19
10
8
15
9
10
3
13
8
12
13
14
10
15
29
24
22
19
16
21
21
27
22
8
15
23
7
11
15
12
18
14
7
11
16
14
17
48
17
23
47
12
21
7
14
29
14
17
22
15
13
18
11
54
32
35
60
55
40
10
17
14
60
27
22
7
25
21
13
14
19
9
36
14
35
10
14
13
18
16
26
25
22
15
17
17
12
22
27
12
21
11
11
15
14
31
20
83
17
27
21
39
17
18
8
7
16
8
14
18
13
16
15
20
13
16
12
8
19
12
10
16
9
17
16
16
23
15
14
12
14
18
20
19
17
48
57
21
14
15
13
42
51
15
13
11
10
15
18
38
20
18
16
9
22
94
22
11
45
23
18
13
6
12
5
9
12
7
13
18
32
17
14
12
8
9
10
12
21
13
8
27
24
20
21
13
12
16
11
7
12
13
23
9
10
11
16
12
29
23
13
22
21
32
27
15
11
14
56
49
15
14
37
11
29
33
9
18
10
22
22
16
10
27
15
12
8
15
24
19
15
19
15
16
20
19
14
16
14
12
13
13
9
15
28
18
13
9
12
25
18
12
19
9
12
19
14
8
14
10
12
13
9
5
15
17
18
24
24
16
16
14
12
19
30
23
20
16
15
12
11
17
13
13
16
18
17
10
42
19
19
17
8
25
17
22
14
16
13
20
14
6
38
10
31
18
31
22
20
26
13
20
12
12
20
20
14
10
20
10
33
20
27
22
17
66
26
11
28
8
28
93
15
18
15
21
26
12
18
26
25
67
65
19
23
17
14
20
4
15
20
29
26
25
13
13
14
27
45
9
24
45
37
36
19
37
47
24
44
12
43
40
23
36
42
14
14
19
8
4
10
13
11
14
12
11
18
19
17
21
29
14
16
7
10
15
10
14
21
22
16
18
27
16
26
36
10
15
9
12
15
14
22
18
12
17
6
13
12
19
17
14
29
28
31
26
30
27
20
23
12
22
29
17
19
24
8
9
24
37
29
25
17
17
15
14
12
14
10
20
20
29
27
19
17
24
25
16
16
9
9
15
9
14
15
24
14
23
30
23
41
28
18
32
37
31
22
17
13
16
58
27
19
47
17
39
24
32
31
36
31
33
19
31
26
32
22
25
44
29
26
22
26
61
47
52
37
32
43
14
35
23
32
27
39
22
38
63
53
57
21
33
26
20
17
32
12
16
10
21
37
25
44
61
54
78
49
46
43
49
12
9
33
32
22
18
58
48
24
48
29
16
16
15
24
32
43
20
32
35
40
45
12
8
9
15
13
27
47
40
90
99
83
51
38
30
18
18
30
47
18
42
33
32
50
22
67
18
22
24
37
58
26
27
15
35
22
51
17
69
17
24
100
21
13
17
16
13
23
56
18
13
12
17
9
5
6
11
13
13
6
14
10
12
25
15
15
22
9
8
14
21
11
13
38
28
17
19
64
26
52
22
24
18
12
37
27
43
34
9
11
10
9
6
13
18
11
10
11
10
24
9
9
8
9
12
11
11
8
21
14
20
14
19
4
24
10
8
7
10
14
16
18
20
23
12
11
14
11
25
40
35
29
26
11
51
23
34
59
30
15
7
21
18
20
11
9
16
12
7
14
17
12
5
8
5
45
15
29
20
19
21
16
11
14
8
9
7
21
17
21
17
10
12
16
15
14
15
18
16
28
12
31
14
10
14
16
14
10
21
17
15
16
17
14
14
7
7
20
18
21
19
4
14
45
16
12
56
13
9
11
12
13
24
19
15
21
10
23
7
15
15
14
12
26
11
7
48
17
23
23
11
13
23
35
15
24
15
16
19
18
11
32
47
12
10
16
76
16
30
11
19
19
16
42
23
32
21
14
24
9
197
35
28
23
16
46
25
8
17
23
14
10
12
23
19
9
17
10
10
10
26
11
19
16
15
21
17
14
15
21
19
16
15
26
19
17
27
18
17
15
17
10
13
17
12
17
20
9
11
12
11
22
22
16
10
16
10
10
17
14
14
13
11
14
17
12
16
12
9
20
14
21
16
18
10
14
11
12
9
21
15
17
10
12
52
8
16
12
8
22
15
10
20
15
18
12
22
9
10
15
15
25
15
24
14
9
28
38
18
19
19
12
12
11
31
43
10
21
30
11
16
14
11
22
15
10
7
10
12
16
11
16
9
11
12
14
11
11
16
15
12
14
12
6
11
124
12
105
67
19
10
10
50
11
10
16
17
9
17
21
15
10
12
8
14
17
13
10
11
16
13
14
14
214
73
23
19
14
12
13
13
12
15
15
11
39
11
13
5
17
21
17
11
17
10
11
5
19
9
22
51
14
9
11
9
15
22
10
11
7
14
13
14
16
17
11
10
16
15
