4519
186
110
189
108
84
110
115
94
119
130
105
129
104
91
68
106
125
109
125
94
96
165
117
140
187
107
50
86
79
84
127
4342
93
75
85
102
125
83
82
112
156
97
119
142
88
96
96
138
113
207
163
98
86
79
85
101
111
159
134
261
129
209
199
82
74
94
153
150
75
93
74
91
95
116
86
90
105
109
108
113
130
104
80
115
325
185
143
133
98
100
102
126
88
73
76
92
90
82
92
87
121
128
179
114
242
214
167
540
178
173
113
117
151
146
85
247
151
457
131
181
253
107
158
86
90
162
180
135
182
95
96
103
176
223
142
124
82
85
111
112
125
67
181
210
862
234
219
244
313
295
135
137
128
111
179
124
441
141
89
98
348
226
644
132
192
246
216
80
75
57
83
149
190
136
163
62
104
89
97
88
126
73
88
94
108
152
217
143
175
111
97
106
70
150
99
161
128
121
161
127
112
107
135
60
305
86
88
102
68
116
150
81
152
71
68
108
46
81
79
484
361
80
140
124
145
86
95
102
122
105
157
118
138
96
93
87
96
94
156
193
185
145
135
185
85
125
112
118
79
67
95
122
142
54
92
92
361
108
115
97
64
127
80
59
90
78
89
73
78
67
80
81
37
107
120
106
88
97
101
116
122
104
90
132
111
102
112
152
62
91
89
86
189
124
96
136
161
237
134
142
98
99
117
107
105
87
75
70
79
160
96
88
111
77
113
88
109
116
115
220
203
109
109
88
128
78
99
125
56
85
106
140
146
75
62
169
93
155
177
72
60
97
93
83
111
105
138
107
79
96
60
75
76
97
126
88
47
181
143
146
129
118
143
114
122
133
89
105
104
83
71
69
84
116
82
107
711
218
164
123
152
106
101
107
81
172
94
73
108
93
95
79
92
73
62
75
72
107
90
130
193
125
121
177
188
83
61
70
86
68
143
95
89
56
98
145
75
74
105
101
89
124
123
102
124
75
100
112
99
81
85
79
99
122
105
66
79
204
93
70
140
87
91
502
486
142
85
106
160
93
117
181
104
97
126
134
136
246
159
100
89
96
64
156
104
133
125
90
95
78
92
212
108
114
119
102
112
106
98
69
99
86
91
145
286
186
113
101
80
73
67
77
78
80
78
101
122
64
148
70
82
77
91
68
107
57
72
162
88
111
100
109
71
74
95
220
119
90
101
119
91
101
163
184
80
76
69
96
82
134
149
360
141
137
116
85
93
82
224
69
108
99
104
114
144
103
90
81
78
90
111
98
98
95
111
85
139
113
76
105
83
203
105
108
87
66
84
83
98
55
70
146
166
116
99
184
81
138
164
126
156
115
151
94
181
78
84
77
130
174
152
87
64
93
112
75
109
137
91
67
91
95
157
157
109
79
84
117
104
120
106
140
130
97
77
91
113
192
86
79
109
110
144
182
116
84
88
97
87
130
120
111
104
135
139
101
118
122
123
110
123
80
97
91
438
130
82
88
103
216
73
283
185
109
77
79
96
87
168
100
81
120
160
349
132
81
68
172
96
146
141
138
110
116
113
108
244
89
86
222
149
285
163
114
225
128
123
105
159
79
100
110
90
125
94
100
86
86
141
111
98
87
141
123
83
85
74
110
153
112
95
147
123
90
71
122
66
136
103
85
87
77
84
167
129
131
140
114
137
124
136
87
92
111
109
92
104
93
100
106
149
106
87
85
86
113
77
277
165
195
56
105
129
82
76
127
82
177
123
107
116
94
60
131
61
69
111
70
82
176
159
92
110
164
67
80
85
57
108
154
95
95
138
109
100
97
107
71
93
119
107
118
132
86
83
132
94
75
94
98
90
105
93
99
93
83
104
88
88
64
68
145
86
109
108
101
90
85
135
80
100
46
99
77
86
113
102
61
42
59
105
116
90
91
340
184
127
122
150
62
132
178
90
108
95
95
74
184
128
170
113
109
50
81
102
110
116
101
735
153
251
117
89
60
85
110
79
93
123
82
95
142
80
79
96
94
450
370
72
78
145
98
111
79
93
231
267
86
209
160
102
66
71
92
100
105
138
184
178
92
102
111
74
175
67
64
87
95
89
48
71
86
91
77
62
110
76
74
99
91
75
74
77
93
76
261
99
107
364
76
47
93
68
59
63
76
83
74
65
90
72
110
53
72
57
107
54
61
87
108
90
98
100
151
220
102
166
97
89
89
65
60
90
56
94
45
69
64
85
55
81
86
87
87
353
434
118
61
73
69
73
93
70
87
76
129
126
500
87
92
146
137
96
151
129
128
157
73
263
89
88
172
143
116
104
137
141
132
94
121
136
93
150
163
104
144
70
111
51
45
76
89
87
124
86
56
77
60
82
76
95
77
68
63
130
89
72
89
126
72
54
91
85
219
163
127
111
101
86
71
63
88
86
89
102
75
105
79
162
157
173
136
86
87
76
154
106
82
88
101
75
99
242
115
103
142
56
101
252
170
121
89
83
62
72
75
110
77
60
68
68
72
114
62
56
60
71
53
62
280
93
96
107
59
173
91
144
160
175
222
167
71
118
73
66
84
259
98
108
149
102
72
123
117
102
70
79
117
190
139
145
197
111
96
135
114
129
215
350
110
174
76
86
72
82
154
165
252
166
98
399
67
94
65
50
84
143
164
88
61
65
74
59
74
68
91
87
68
51
434
121
87
95
74
119
198
158
118
100
106
144
117
119
106
78
93
100
61
359
205
96
208
195
174
289
109
90
268
198
322
280
128
107
539
303
499
181
260
105
119
167
172
200
170
228
185
91
62
89
106
63
171
273
96
85
124
136
128
151
626
348
214
230
378
183
183
166
123
116
117
105
87
82
89
234
98
114
69
51
67
73
94
85
51
119
150
108
49
78
46
52
84
41
282
250
116
184
214
83
102
119
402
89
51
135
502
184
196
146
167
321
188
115
96
78
144
163
160
95
62
204
109
115
76
91
58
80
74
52
67
129
117
128
68
56
62
79
60
88
70
91
65
121
134
111
111
212
241
172
120
54
174
171
115
81
66
85
110
242
97
116
110
175
286
68
210
93
74
91
126
144
345
56
65
83
70
60
79
151
145
135
63
97
101
92
153
110
180
101
192
137
209
123
101
117
177
146
155
140
210
261
128
123
295
144
90
86
65
66
96
91
72
99
146
122
132
125
103
183
107
78
117
107
89
144
122
118
105
104
98
134
105
107
98
103
68
74
88
56
64
67
96
193
95
66
135
143
103
94
67
68
145
173
229
257
257
94
343
349
279
286
270
257
343
185
85
130
115
37
102
92
119
85
116
201
93
109
87
56
117
286
133
65
150
161
319
126
323
222
165
177
125
148
83
408
297
227
160
204
102
103
175
171
210
385
234
118
113
114
135
81
66
99
84
74
65
65
114
126
110
217
142
60
66
131
94
74
77
169
92
93
112
113
121
85
106
67
88
132
93
84
67
83
80
102
154
125
101
84
232
71
50
70
170
212
174
131
53
70
71
108
103
145
244
171
175
133
66
50
76
70
169
176
113
158
99
57
129
125
118
81
93
168
119
238
189
183
186
134
70
82
61
121
123
69
68
75
109
124
75
66
49
58
77
88
126
104
78
132
637
313
162
95
109
124
78
129
166
133
97
77
158
106
78
123
83
91
63
49
61
89
78
77
65
77
51
89
72
64
67
75
67
73
42
104
102
173
109
136
84
112
63
84
80
73
80
289
600
163
154
103
165
177
197
154
108
83
69
98
83
34
75
117
139
101
90
83
103
88
167
94
110
106
122
130
361
266
163
106
81
59
104
105
72
113
139
168
91
77
226
106
188
103
69
113
185
114
89
107
151
141
81
57
108
85
97
104
93
86
90
91
126
99
156
69
150
81
66
104
60
71
95
441
125
163
94
175
320
117
124
97
125
103
79
120
117
90
115
124
259
158
95
109
99
138
166
136
106
101
129
150
208
119
87
360
191
108
140
87
96
511
299
126
84
58
86
152
70
168
119
86
81
97
70
59
77
72
94
110
106
112
68
101
84
83
146
98
88
169
127
133
76
149
83
117
240
92
78
80
146
114
168
108
145
92
110
77
86
105
131
98
78
114
213
128
92
100
160
112
107
100
77
75
95
117
120
114
184
114
173
51
112
80
113
81
61
104
144
116
103
128
110
102
123
111
106
81
66
395
146
114
99
139
156
95
75
193
276
201
995
344
394
213
115
85
123
216
151
88
174
327
211
331
127
154
121
115
130
114
322
191
158
155
155
240
100
336
132
200
155
127
103
205
86
182
119
122
94
132
226
463
220
110
114
382
529
240
129
154
85
339
208
82
139
205
134
128
99
88
132
74
124
83
129
157
115
70
129
102
150
125
105
184
117
193
67
156
118
141
125
138
112
193
133
181
142
120
130
435
442
126
58
84
112
107
126
114
496
165
110
125
98
366
351
197
161
152
123
126
76
75
77
110
115
99
90
74
377
337
127
82
109
173
131
104
323
106
62
248
250
111
83
106
97
114
80
97
85
79
91
380
117
239
404
110
151
239
197
93
111
114
89
182
176
123
76
146
155
92
121
270
195
177
129
77
111
116
127
110
124
113
161
163
165
124
155
127
151
121
119
104
105
183
286
135
108
126
112
100
103
116
75
111
203
94
98
108
94
70
121
111
88
58
100
149
8301
8273
90
83
102
72
73
64
76
86
216
95
176
165
156
115
74
65
131
226
225
120
83
109
133
234
89
90
290
110
93
217
211
161
70
111
101
151
141
138
96
74
71
251
224
100
81
114
81
72
117
92
152
228
154
149
150
114
114
222
316
172
104
442
87
689
140
146
206
168
124
444
130
621
515
132
91
153
464
145
689
93
145
203
849
114
107
186
115
457
747
613
179
189
157
147
648
1279
5532
2331
4190
5032
3891
205
120
102
82
87
136
158
238
608
230
275
472
126
222
484
373
129
888
203
158
477
288
108
100
146
87
75
70
153
217
121
91
136
118
93
121
95
87
296
247
155
80
95
64
124
53
101
120
210
97
97
143
104
163
108
101
158
123
120
61
188
129
165
134
91
75
80
80
162
148
158
279
219
183
176
163
168
100
209
245
203
261
204
129
142
113
135
142
167
171
431
215
205
169
149
126
92
128
163
166
149
694
380
301
181
165
186
241
198
147
158
139
116
131
137
131
80
113
152
164
192
208
219
140
270
223
639
327
162
143
284
257
296
215
199
317
297
191
177
161
724
477
130
487
212
224
153
174
388
200
458
255
359
171
103
300
408
367
126
167
235
177
179
220
170
275
266
154
195
88
435
288
206
810
408
192
198
159
190
153
62
74
62
197
837
345
189
210
266
292
209
140
175
272
172
112
448
180
86
83
231
159
132
214
237
166
159
127
140
865
552
100
122
240
189
157
64
86
128
91
100
556
596
140
378
459
582
226
267
103
152
123
151
441
377
210
194
135
164
192
320
221
198
93
208
463
274
93
143
97
145
299
321
115
226
271
433
378
101
66
104
104
112
125
432
421
125
114
83
148
126
62
144
124
147
84
82
85
102
93
137
389
314
278
140
213
280
227
94
87
95
314
432
128
182
134
501
109
189
118
155
134
301
361
249
401
135
99
98
72
64
247
130
103
166
141
158
97
93
113
95
70
65
77
146
71
74
80
78
134
125
154
85
57
93
84
117
36
144
147
86
132
161
107
133
72
63
69
58
185
186
175
449
154
100
111
114
107
246
177
64
78
112
131
156
118
134
108
93
198
132
120
183
145
67
136
129
88
109
103
100
90
111
217
136
139
110
125
97
84
77
95
114
77
159
81
76
97
99
126
112
92
122
90
154
70
153
123
123
102
77
91
115
127
275
144
130
123
75
150
174
72
76
179
197
121
170
56
460
254
89
94
345
303
74
120
137
113
163
128
111
195
133
92
137
189
89
124
89
104
86
129
143
418
110
141
138
83
67
219
298
150
174
178
82
129
78
60
82
244
152
146
160
122
75
83
113
77
115
84
100
193
153
196
117
88
90
154
159
262
102
158
136
125
152
131
80
82
107
319
802
130
127
183
126
127
156
637
77
141
387
123
184
166
134
112
146
156
924
117
98
113
105
141
158
181
380
91
95
172
136
114
101
145
85
139
109
124
111
86
90
96
71
109
112
116
128
109
152
83
69
99
74
95
80
102
58
127
91
127
107
96
132
162
179
159
55
83
80
105
140
64
49
82
181
152
111
120
214
203
153
81
76
115
87
100
78
116
70
102
69
119
61
121
164
99
103
108
83
150
213
127
170
172
142
167
139
84
237
275
167
184
82
137
131
169
114
95
138
109
379
144
126
105
290
153
90
79
93
92
95
101
106
58
99
78
127
116
131
325
111
232
100
114
151
221
160
104
104
177
77
167
100
166
299
187
822
121
134
108
74
98
101
118
105
68
89
140
86
292
228
114
566
1342
364
127
879
443
305
162
109
110
103
213
249
302
102
83
112
98
134
177
99
114
149
105
127
118
142
128
213
183
118
118
114
165
106
118
137
101
107
450
137
163
164
196
242
129
131
176
219
99
148
