96
101
117
135
105
98
107
102
119
126
127
101
101
91
97
83
75
97
92
154
69
77
126
111
80
139
102
61
102
97
76
90
104
73
91
120
83
116
89
75
89
122
96
97
259
113
110
93
109
115
137
161
102
92
70
97
106
117
133
88
163
103
163
136
84
72
84
119
95
41
76
73
121
80
106
90
79
78
102
132
97
123
87
72
105
222
116
87
87
68
80
79
103
80
55
61
91
76
78
68
69
112
119
131
110
315
134
106
169
162
106
788
571
289
109
74
215
91
160
100
124
138
81
153
73
101
100
137
106
138
78
77
137
184
98
111
97
92
95
92
117
87
104
102
120
137
156
178
337
182
224
93
157
85
95
114
109
144
77
62
153
205
197
116
99
149
185
95
82
63
67
71
159
158
78
80
66
94
86
73
74
83
61
66
80
84
85
182
89
111
114
68
86
72
87
76
111
130
68
158
92
81
80
131
80
91
81
76
98
133
102
117
87
111
74
68
92
64
103
124
193
209
122
117
106
113
120
107
67
160
122
194
78
81
90
84
92
110
91
183
178
198
188
114
88
90
109
67
112
78
63
64
96
92
72
65
73
91
91
118
72
60
106
79
69
66
78
75
80
72
88
58
56
61
113
62
81
56
55
105
76
80
87
84
113
82
72
78
128
89
91
92
44
61
87
64
93
139
95
96
69
74
76
96
108
90
81
80
68
75
104
91
104
87
86
80
91
79
97
142
76
126
105
120
60
106
87
78
81
104
43
88
132
136
81
53
72
106
123
67
104
72
80
76
84
74
80
92
125
88
130
59
57
63
72
87
103
84
66
96
115
121
99
116
97
101
81
100
95
88
80
79
75
64
90
104
85
91
237
128
102
133
112
96
119
71
96
92
63
69
85
94
85
88
77
54
75
65
89
95
81
79
105
76
161
170
87
60
71
69
81
216
94
71
75
56
109
112
96
54
68
87
76
110
98
90
67
71
63
85
93
89
67
84
72
94
99
67
116
107
73
96
112
98
131
425
443
74
83
128
85
109
98
90
85
111
102
68
132
113
85
84
90
68
82
82
91
91
55
77
80
73
111
89
76
105
73
104
83
88
76
100
84
102
127
198
143
911
589
76
65
79
77
74
73
67
94
80
75
97
68
71
74
71
69
87
72
70
121
67
97
60
100
78
70
102
158
106
103
76
96
92
74
149
97
70
58
89
67
87
179
130
347
117
85
87
88
88
96
90
48
75
93
80
84
108
104
76
81
75
74
76
72
67
96
101
72
69
95
99
77
107
208
112
75
60
68
71
65
77
44
80
118
112
63
79
95
82
141
114
115
114
85
85
107
89
54
79
51
101
117
79
82
65
77
79
80
84
70
66
71
92
61
76
121
104
56
86
76
86
73
94
148
79
81
66
103
92
68
102
98
102
98
89
89
76
69
93
80
78
107
84
80
76
83
78
113
85
77
114
91
88
64
102
126
107
85
86
86
102
107
65
163
104
79
67
59
87
63
110
117
74
96
127
228
96
84
75
87
82
67
84
104
117
142
102
86
90
61
132
72
184
149
1039
573
127
98
81
99
107
71
104
80
82
94
88
71
96
67
78
76
69
61
138
89
78
87
79
81
114
78
85
92
75
76
83
79
86
102
97
65
85
62
84
104
110
76
85
55
72
85
73
71
86
90
82
94
79
84
122
78
115
88
108
79
72
76
139
132
139
100
88
147
129
73
92
66
65
113
109
91
73
80
77
66
75
66
60
76
72
100
92
76
57
56
72
77
67
68
113
57
65
141
100
82
91
78
91
85
93
73
84
88
89
81
93
104
74
51
124
157
80
78
91
84
83
87
87
73
72
63
68
90
69
57
70
87
73
83
77
80
90
61
61
75
73
64
94
73
57
68
87
68
77
61
53
90
106
89
68
74
75
69
85
81
83
76
89
94
82
77
84
80
66
81
80
76
117
100
153
122
132
98
73
61
66
126
79
63
100
60
75
78
60
87
74
76
116
116
89
61
102
83
103
82
65
144
127
90
109
124
81
73
84
80
89
87
104
125
115
66
80
83
66
99
68
58
75
88
81
67
98
79
86
86
84
90
61
71
100
71
70
73
94
63
49
108
56
93
84
62
53
74
58
59
71
79
64
62
52
107
90
85
66
70
52
109
110
69
84
81
54
85
70
67
67
108
152
101
86
79
75
78
72
60
57
58
51
63
52
64
68
75
81
93
104
112
82
74
98
100
73
67
84
64
84
137
96
99
101
98
98
97
91
102
82
75
84
84
180
99
93
117
229
101
105
99
116
100
107
133
94
94
105
92
93
73
88
108
92
193
92
79
68
90
80
65
66
69
66
76
105
73
83
51
87
87
93
83
130
87
50
76
74
103
106
124
91
92
84
74
75
85
71
81
75
65
87
84
83
98
115
99
869
582
65
139
101
108
73
89
83
79
76
97
81
86
100
83
224
112
108
82
61
60
72
60
88
81
96
59
110
72
144
48
64
71
84
66
124
197
65
74
86
56
84
71
83
94
92
115
109
72
77
75
77
85
106
101
78
95
92
76
115
100
87
88
81
105
137
101
115
150
87
99
103
75
100
80
94
66
137
66
84
78
64
102
130
105
96
71
102
71
78
75
70
61
128
147
281
61
125
65
65
52
157
61
73
74
55
82
121
75
91
70
69
108
117
106
89
78
104
163
78
90
93
90
69
65
146
116
127
85
85
101
188
223
83
157
202
89
106
108
98
299
160
174
149
94
80
137
87
103
83
90
128
873
606
69
78
88
62
63
297
57
117
121
132
88
93
192
134
275
175
118
117
136
110
136
112
107
102
94
92
100
327
61
91
69
65
74
77
53
64
66
116
114
72
79
58
51
48
79
56
216
168
72
203
119
94
80
99
177
99
64
66
141
203
98
260
171
154
102
100
83
63
86
113
111
79
71
128
103
82
70
87
60
71
65
60
76
111
71
73
60
60
94
88
86
86
87
77
52
100
108
123
86
103
89
119
136
54
173
111
99
91
80
71
98
159
104
114
151
122
257
96
135
73
83
97
100
117
117
59
74
50
63
69
94
153
109
84
78
102
76
78
115
100
87
88
107
119
179
107
96
114
147
111
93
93
228
164
112
95
103
100
110
99
78
71
79
97
71
70
83
109
114
97
81
65
92
84
86
89
92
128
109
119
101
130
96
87
87
91
94
102
83
70
85
84
74
72
80
76
72
51
143
107
78
74
69
67
82
159
84
71
95
84
137
105
85
201
168
134
94
96
89
112
105
64
78
109
77
82
78
90
61
61
70
92
97
139
74
86
174
79
93
145
154
111
146
170
179
126
96
162
102
85
68
71
88
124
99
87
80
105
92
101
91
93
84
83
78
114
72
71
72
72
74
111
103
80
73
68
100
87
78
92
105
88
64
134
105
74
61
117
79
90
112
58
67
111
63
68
81
126
121
90
67
91
83
59
80
132
131
98
88
70
69
63
86
116
148
156
146
147
124
107
71
80
64
153
123
81
101
106
48
65
151
104
81
91
117
79
157
128
155
116
91
79
81
60
105
91
72
69
79
89
91
80
79
43
83
62
68
77
102
74
119
203
375
78
118
94
84
70
95
110
158
316
130
172
77
46
80
75
86
82
71
56
64
80
75
392
53
76
92
72
79
87
77
66
82
79
97
83
98
145
91
75
64
68
59
55
79
65
257
176
119
143
120
118
156
100
114
78
84
66
87
88
67
58
117
87
97
93
87
75
57
112
103
101
91
95
121
154
82
371
683
580
59
77
73
90
102
212
109
87
78
79
76
102
76
69
124
113
111
84
93
102
87
97
73
67
95
143
82
53
75
92
71
96
90
102
92
97
82
70
77
95
79
80
272
97
138
91
78
143
102
103
101
99
83
62
94
112
75
87
92
106
122
68
103
118
92
103
137
92
82
87
98
124
105
93
97
112
97
144
87
80
133
141
131
97
72
89
86
87
130
131
118
100
91
101
74
85
94
98
111
139
92
74
97
75
70
133
95
78
127
122
102
86
75
74
112
232
100
93
73
111
102
99
83
118
80
91
78
80
117
107
81
70
111
128
81
63
117
99
88
114
88
73
86
96
81
77
107
129
100
89
73
82
88
93
74
58
77
80
79
101
129
122
90
93
97
85
213
245
524
342
90
107
104
95
92
69
244
248
142
109
556
264
184
101
91
123
163
116
73
198
227
165
121
133
107
97
130
74
113
350
93
110
108
98
181
97
235
115
173
100
127
144
96
86
133
128
115
94
93
107
249
153
75
97
137
146
200
105
108
109
158
170
57
87
109
98
80
79
89
101
70
86
71
125
125
84
65
131
108
113
123
100
174
109
179
77
135
75
163
94
106
96
210
118
162
113
95
88
298
248
130
55
117
81
83
104
76
164
166
113
118
103
100
89
85
108
115
101
91
97
54
68
57
100
54
83
87
62
219
117
78
98
100
90
85
194
86
69
234
140
93
108
89
115
91
73
73
71
82
101
96
98
93
93
65
121
86
197
84
68
98
74
185
79
83
69
163
88
123
91
161
146
150
94
65
87
84
70
68
158
64
192
102
114
110
104
89
116
122
105
98
75
93
113
124
125
86
68
86
86
84
73
72
120
95
73
80
76
78
75
102
96
72
69
92
94
60
86
83
90
94
62
69
64
80
155
87
127
179
147
130
81
62
91
153
125
73
98
100
105
155
78
115
100
82
55
223
237
135
75
109
98
127
89
123
78
82
100
291
77
98
65
101
70
71
84
127
85
151
121
114
77
76
85
98
185
113
205
216
121
78
82
116
101
101
125
131
87
274
182
131
96
107
124
236
180
122
113
117
138
97
95
171
60
152
1386
644
166
101
95
102
105
76
80
132
189
161
127
118
71
103
71
65
86
153
193
205
213
149
140
187
145
265
102
303
320
164
139
309
143
88
105
78
62
62
118
93
100
73
130
107
76
107
102
79
154
133
105
75
86
74
86
70
105
107
124
100
91
105
85
133
124
88
142
105
85
81
93
118
92
118
67
70
75
103
105
103
122
144
138
121
118
105
109
93
127
117
181
189
230
132
98
124
163
98
107
186
292
228
114
137
138
112
77
102
144
108
104
617
299
187
133
103
141
215
153
108
78
111
79
103
105
107
87
88
112
115
151
179
145
162
150
198
589
247
127
121
146
175
198
176
132
188
223
217
190
128
658
333
116
301
171
221
102
110
309
207
239
96
209
167
93
163
263
166
114
97
170
138
146
143
120
175
141
124
97
76
174
282
163
720
277
96
121
68
84
87
83
81
63
135
468
325
300
235
149
156
204
150
161
184
150
109
494
162
126
83
176
135
175
189
174
106
122
112
128
641
304
85
103
189
226
174
104
64
75
68
87
332
458
160
117
294
645
240
227
81
108
111
86
239
514
110
181
141
126
158
109
228
146
107
155
344
340
234
105
81
152
290
197
85
159
229
243
280
79
55
80
151
87
98
129
466
129
85
71
110
123
67
53
103
138
96
73
69
74
71
78
257
155
193
88
113
194
114
99
112
98
223
191
104
106
109
242
94
186
112
102
127
120
211
210
212
144
72
76
91
66
70
92
101
127
82
116
101
60
81
70
69
54
76
68
61
68
83
75
103
80
91
88
81
105
62
82
58
87
107
81
108
143
114
111
62
57
60
62
124
106
100
322
97
67
76
96
77
98
153
63
74
75
84
105
105
133
112
68
84
139
161
936
609
79
76
71
65
74
73
65
79
103
92
126
93
95
94
75
64
75
68
89
126
121
71
62
86
69
105
96
75
86
92
118
71
154
111
86
82
67
78
84
77
207
137
78
86
90
60
110
73
63
112
173
116
89
60
109
135
96
75
115
100
57
98
83
160
97
88
106
156
99
83
98
115
77
96
69
74
66
79
126
372
130
115
107
95
61
220
229
97
104
105
59
96
74
82
92
117
82
104
85
109
79
96
77
62
102
70
91
117
148
106
80
69
76
115
77
152
89
131
116
101
110
97
78
71
79
131
217
197
161
150
96
95
118
83
71
112
104
127
94
102
170
124
125
100
73
91
105
91
83
116
115
105
89
97
65
94
105
107
98
98
52
96
74
89
67
80
83
102
57
97
96
113
73
84
97
72
57
83
77
89
56
75
66
70
76
69
84
106
81
103
85
118
887
592
66
86
135
59
56
73
100
129
85
75
81
122
151
89
96
106
85
93
70
100
67
80
65
83
58
81
82
70
128
96
99
130
137
77
94
116
92
136
101
84
93
148
133
82
105
99
100
85
86
100
79
125
318
91
67
101
86
75
91
110
84
73
88
80
84
81
92
67
83
88
85
62
71
87
1213
68
316
681
199
94
103
84
84
72
77
113
97
90
88
83
110
81
87
100
97
124
65
66
91
106
68
101
116
90
560
209
192
66
93
99
102
135
68
95
118
97
121
110
86
73
73
98
103
105
92
94
132
92
80
93
128
95
101
110
116
100
122
111
95
82
101
100
96
127
115
118
117
96
105
102
102
114
97
78
