66
84
111
150
52
72
78
78
52
71
67
77
71
62
60
87
49
72
47
69
65
48
42
44
43
66
73
45
56
13
35
62
30
43
82
59
30
32
62
45
53
59
55
78
77
52
65
70
90
941
990
108
64
75
59
76
86
123
82
128
62
85
75
53
44
50
47
46
35
54
52
72
53
101
61
49
58
56
66
56
55
52
51
120
100
79
54
49
63
56
69
95
47
24
40
47
51
44
58
63
80
84
85
46
143
78
79
76
39
35
90
1034
885
105
58
43
39
86
88
90
113
100
46
53
50
56
87
98
67
59
56
147
56
126
58
62
49
35
60
50
56
50
49
61
127
99
71
154
139
61
87
79
42
88
57
55
98
44
77
122
137
97
59
94
62
60
49
39
33
82
123
73
92
45
44
52
55
54
45
45
29
35
47
668
619
566
80
55
48
63
102
49
124
69
75
55
36
64
58
44
51
50
38
77
37
42
41
60
116
101
64
47
71
42
45
36
45
59
131
81
38
61
52
31
54
35
44
34
56
79
48
92
46
41
37
28
81
73
85
70
91
66
50
41
49
49
46
42
59
78
88
73
39
44
38
48
53
42
28
63
52
38
47
39
43
34
38
31
39
77
30
75
44
55
35
50
60
70
46
54
43
63
59
46
62
102
47
61
69
33
46
73
43
43
57
54
50
54
42
66
70
49
48
35
37
38
50
32
69
33
93
57
49
44
60
55
51
55
57
86
45
74
43
56
55
71
43
36
92
100
90
32
48
36
43
49
45
60
54
50
51
41
44
65
44
44
64
43
65
36
87
51
58
69
59
58
60
63
74
73
73
49
56
51
48
46
63
35
53
28
48
52
59
58
47
48
39
58
54
51
62
53
52
42
52
38
41
67
75
43
82
41
40
53
40
53
44
46
69
43
56
60
57
55
33
40
41
38
84
49
93
47
48
38
50
40
47
65
54
54
62
57
79
34
52
57
59
36
94
52
107
52
47
36
56
55
62
44
46
52
52
43
54
37
53
53
62
78
99
59
98
47
58
74
102
35
67
74
72
64
34
44
53
61
49
40
43
43
65
52
83
46
58
52
47
41
46
37
73
49
57
70
77
82
145
42
41
43
56
44
83
36
53
47
62
47
38
55
55
47
41
46
65
32
42
56
60
45
65
38
89
37
35
29
49
44
49
40
48
54
42
57
54
35
34
37
55
37
82
37
71
38
53
52
50
60
69
43
58
65
38
52
62
71
48
43
58
52
82
52
83
76
45
44
63
60
41
112
498
51
47
37
43
68
44
40
44
75
70
103
164
75
63
446
113
69
74
80
71
59
41
68
106
51
35
49
184
251
116
64
79
47
38
30
44
90
60
30
33
50
45
43
76
58
37
41
56
51
100
97
88
48
58
33
28
45
61
31
49
57
64
68
52
51
53
47
40
40
77
58
77
70
57
60
64
55
42
45
46
51
52
50
72
60
74
44
51
64
97
52
127
74
44
45
48
54
41
50
71
48
56
110
68
37
81
63
95
49
80
63
55
95
72
106
44
53
63
44
53
88
79
107
93
78
44
49
73
72
93
50
49
71
44
57
63
273
55
50
56
59
56
66
63
41
47
33
46
49
95
62
68
83
53
49
52
57
57
51
44
39
47
63
72
69
50
79
67
65
81
55
54
89
48
60
56
79
55
49
79
61
56
62
48
31
28
56
68
63
107
59
40
74
42
62
36
47
39
82
92
33
48
41
40
34
34
32
56
47
116
54
50
68
40
51
38
44
44
54
52
46
41
66
67
67
49
52
38
53
88
70
37
87
50
68
48
59
58
40
55
41
55
55
50
43
55
44
53
43
69
35
56
59
44
34
39
49
54
54
59
44
43
43
64
48
64
45
49
23
68
42
54
85
49
23
73
85
42
57
39
45
38
58
52
64
55
42
60
81
88
53
64
65
28
59
49
53
58
54
46
75
49
62
47
39
51
50
72
82
94
57
44
66
47
40
49
47
44
40
55
60
49
60
48
46
47
53
66
64
79
74
59
77
60
49
56
56
57
79
63
58
55
53
48
50
43
40
77
47
76
54
49
85
39
43
55
55
38
38
38
44
47
52
38
54
33
36
28
46
63
50
35
83
28
38
56
43
45
37
49
41
40
37
52
45
44
43
50
66
63
53
40
78
39
43
67
62
65
53
67
60
56
49
41
35
27
34
38
35
64
68
42
80
66
62
498
76
206
40
59
117
26
38
36
49
67
60
50
57
86
65
71
91
50
67
44
48
52
55
45
44
74
44
57
89
58
71
73
62
93
55
64
71
41
63
56
42
37
43
45
26
64
38
37
36
45
40
47
41
66
47
43
73
32
29
54
43
45
39
39
58
21
52
63
42
40
63
51
44
70
43
40
84
32
65
51
51
52
62
52
50
52
60
126
80
41
56
45
49
65
68
46
76
44
52
67
108
49
49
151
66
67
53
40
40
37
36
34
37
67
46
45
73
45
41
37
38
30
45
45
36
37
49
50
48
38
50
53
36
47
103
56
94
61
49
35
42
57
65
55
95
61
49
53
68
45
42
40
39
42
105
55
121
72
41
59
40
50
73
57
38
36
30
45
45
47
53
36
58
40
81
53
72
41
38
51
36
31
48
60
43
30
45
37
28
29
59
36
39
38
74
57
80
69
37
50
60
39
48
70
41
45
65
60
59
67
49
57
41
31
77
74
101
60
35
83
64
37
64
71
62
68
58
40
172
55
956
810
58
75
43
79
81
57
48
41
132
157
33
45
33
21
28
45
48
53
63
41
72
96
89
154
60
63
61
59
219
898
664
76
37
66
53
43
106
97
35
47
40
82
33
69
37
51
40
55
68
46
42
34
25
499
771
432
26
83
60
65
60
91
47
78
57
53
47
39
47
31
52
50
58
53
67
81
40
43
47
718
569
72
54
89
66
70
28
30
31
46
38
37
36
42
36
44
42
39
37
37
27
27
47
50
26
36
42
60
36
48
73
54
72
31
48
64
48
41
57
40
35
61
53
52
49
73
73
52
41
51
49
37
40
150
38
39
40
34
43
38
47
41
68
399
102
41
49
45
57
42
57
60
48
65
67
51
61
54
943
780
78
62
139
112
88
58
675
678
93
61
60
42
53
42
41
34
43
48
57
60
42
50
57
70
62
52
45
83
56
72
49
62
59
60
59
53
44
47
42
40
45
37
34
30
37
41
60
34
31
26
61
65
44
28
37
40
41
47
67
50
45
94
71
52
80
69
65
67
44
84
36
40
40
55
68
118
275
186
42
44
35
28
621
799
46
32
39
607
175
111
50
58
66
55
64
52
82
58
44
72
46
22
42
84
56
49
67
71
57
46
46
65
54
49
53
67
37
49
42
35
51
43
45
75
74
49
64
102
43
41
37
66
35
43
51
34
42
40
47
42
44
43
51
35
45
26
41
51
42
78
72
41
38
36
38
44
40
51
65
59
41
42
379
75
29
39
75
47
595
158
415
28
25
21
41
43
56
45
63
48
38
37
99
69
704
108
90
145
190
78
64
67
39
47
29
49
55
37
47
53
45
30
55
44
32
42
33
38
48
62
69
70
74
175
202
75
54
50
28
50
46
45
105
47
145
40
58
42
36
44
33
39
29
28
35
51
224
249
31
47
49
26
45
41
41
32
37
48
41
68
44
427
61
40
31
31
35
18
26
575
116
467
57
72
54
75
95
115
68
50
54
44
39
37
42
33
79
59
51
49
28
31
67
572
163
403
43
38
419
379
96
78
151
34
39
43
67
39
65
56
65
37
44
45
42
35
42
59
75
86
86
62
51
64
58
41
41
34
48
33
35
40
37
44
58
67
432
201
61
50
29
51
46
38
46
41
40
67
46
94
57
76
63
50
54
58
49
45
48
40
231
33
95
50
60
43
71
45
49
52
63
42
45
48
32
52
54
319
135
53
58
94
65
49
656
410
59
51
33
38
44
51
61
56
43
32
38
49
45
39
46
48
624
63
55
46
40
51
45
69
75
64
70
78
58
47
53
38
37
143
56
49
73
99
64
56
53
39
60
59
49
56
42
65
58
47
66
60
54
44
73
48
77
62
67
44
41
65
50
46
69
78
48
59
35
61
66
56
26
39
35
38
46
50
60
49
48
329
140
51
46
50
50
52
55
626
106
423
45
31
70
725
103
106
82
56
67
62
60
78
66
45
54
64
58
58
51
56
91
62
72
73
61
57
68
63
52
63
61
62
283
102
68
55
60
69
66
40
63
57
59
56
59
54
102
55
82
63
71
77
88
105
102
53
115
46
63
63
60
88
64
54
60
60
44
52
51
74
51
79
57
76
70
65
315
143
124
81
89
55
89
59
109
437
228
415
269
51
96
707
131
61
178
156
254
71
84
98
44
128
70
85
95
63
56
67
51
127
66
87
125
76
52
64
48
41
48
62
49
41
49
46
74
54
51
69
59
88
67
35
66
273
49
76
56
64
47
79
85
72
94
283
64
56
112
111
114
42
72
64
56
54
57
62
62
55
122
66
32
48
58
61
381
92
73
68
70
52
603
398
42
51
61
639
44
81
105
69
56
78
81
96
67
71
78
49
113
118
70
76
78
57
53
71
51
38
99
71
59
62
77
50
41
70
108
53
52
319
82
48
46
60
71
58
45
46
55
45
51
68
66
57
102
63
69
67
81
52
99
81
32
69
34
85
60
78
47
135
30
105
75
100
79
64
75
74
59
416
53
61
42
270
70
638
394
44
39
51
66
95
572
190
82
74
59
50
51
74
83
81
110
121
79
47
40
34
55
87
53
59
126
111
70
72
46
69
63
144
149
54
45
66
54
54
56
74
63
75
213
153
62
74
79
43
51
78
85
94
153
199
106
52
83
44
23
86
77
49
92
79
110
127
65
110
78
69
93
106
98
138
83
118
292
196
67
57
46
36
61
594
420
39
32
38
50
48
58
71
57
60
46
46
40
46
38
45
53
42
59
70
59
72
57
72
48
64
52
41
62
44
45
61
78
62
67
51
50
42
78
66
70
150
142
79
37
42
86
48
60
58
82
83
91
80
73
106
83
71
80
117
205
109
89
113
80
46
63
55
62
62
55
356
163
158
741
1058
141
53
82
502
671
77
43
74
56
59
41
35
81
44
56
66
103
116
153
96
404
123
95
52
67
194
152
104
87
111
80
130
84
260
143
115
102
288
106
78
68
76
137
174
251
110
69
128
59
92
153
135
102
87
135
72
75
129
90
62
124
120
53
87
251
133
154
332
204
66
59
60
52
493
88
44
36
83
359
150
90
802
660
546
176
91
82
101
104
65
226
91
63
106
205
130
123
160
65
61
84
95
60
286
121
131
67
215
262
190
40
45
53
90
59
255
77
209
158
350
770
152
154
89
116
73
93
157
855
818
150
101
70
200
113
177
84
63
80
273
103
83
92
83
123
141
97
140
84
320
143
329
125
87
56
71
52
60
307
53
63
72
56
40
48
64
37
67
70
56
48
44
43
77
53
76
80
78
84
94
56
127
96
73
42
52
61
74
72
111
77
115
115
143
103
63
1390
620
94
115
102
66
58
49
37
48
60
55
57
64
51
46
36
82
42
34
68
51
55
37
46
41
57
52
54
52
56
56
53
59
34
34
61
93
43
47
94
59
62
64
29
46
38
23
60
62
62
66
59
45
67
322
95
80
298
121
82
41
95
67
54
55
39
48
39
66
102
121
417
666
135
66
51
90
48
41
77
43
36
69
41
51
53
35
36
49
43
56
52
39
53
45
50
76
38
51
68
82
63
76
74
49
48
50
91
54
29
48
48
67
66
81
54
88
62
78
97
38
51
85
87
44
38
168
51
567
1064
175
56
55
76
76
61
100
47
73
96
53
49
68
97
105
29
69
48
51
31
63
75
86
75
94
53
80
244
216
101
83
74
70
49
52
47
136
89
57
60
65
73
75
50
52
52
74
50
80
114
85
53
39
52
47
76
60
56
76
1058
469
53
62
63
53
49
93
290
505
129
172
52
94
56
69
47
62
69
67
80
692
1015
173
57
41
71
86
63
71
82
36
59
46
94
76
50
70
42
158
57
58
57
66
60
51
71
73
45
50
80
49
57
78
55
80
59
61
61
45
46
61
41
85
89
69
36
88
56
65
84
68
58
53
52
135
43
56
43
47
47
64
48
107
49
52
125
89
59
83
34
57
143
1161
711
87
54
48
65
47
46
59
49
51
51
59
60
120
44
105
51
89
73
73
57
48
61
84
65
68
61
32
46
41
85
44
55
81
228
110
49
48
42
39
63
50
68
50
43
43
48
50
44
48
42
39
40
68
46
177
154
71
87
41
493
652
426
122
37
34
46
43
42
66
67
65
50
104
50
96
52
48
48
1069
110
56
53
46
47
54
167
94
84
43
56
53
43
97
69
34
72
80
68
62
27
60
56
55
52
87
62
62
49
70
47
41
42
93
85
118
49
60
74
49
53
51
53
75
30
42
46
54
54
50
60
55
43
48
74
41
