117
82
92
195
90
82
136
104
98
100
100
98
104
94
256
57
96
134
99
99
1411
55
110
118
115
153
115
61
90
74
91
113
121
82
88
116
115
66
75
101
198
119
151
140
230
284
478
127
175
165
1651
491
210
120
281
87
88
151
224
164
117
98
149
127
74
77
68
112
75
79
85
78
84
118
118
89
84
92
86
176
201
104
75
70
127
334
133
73
95
106
100
156
130
96
57
72
76
79
84
83
311
127
114
174
96
403
95
136
187
155
115
91
1498
492
428
259
121
74
108
91
234
243
107
87
84
86
109
203
173
162
124
101
76
298
123
89
103
76
75
111
92
233
119
2185
111
160
201
125
139
451
179
124
101
187
105
130
125
7783
97
64
123
350
133
8503
294
155
425
190
307
464
119
133
165
206
238
152
208
170
100
114
120
110
70
141
96
81
1521
167
336
128
189
151
66
108
73
1939
121
116
109
99
128
112
81
101
86
131
121
79
111
103
138
163
115
138
81
204
87
197
84
349
384
322
216
149
155
150
235
195
256
220
80
111
165
79
98
68
2590
83
76
124
211
181
149
133
106
106
112
91
90
94
83
69
110
126
74
205
65
142
202
146
287
281
373
101
119
87
120
189
169
105
288
92
103
120
82
63
63
95
48
133
114
174
96
82
268
2416
87
79
101
210
130
89
58
54
235
88
84
93
104
113
66
82
100
111
90
191
111
174
86
336
894
65
94
238
94
108
79
66
100
109
87
92
149
113
67
80
110
89
74
115
206
109
176
289
318
404
150
97
122
193
179
103
283
87
102
421
203
103
91
291
110
64
60
53
84
82
99
80
87
125
110
118
97
102
109
72
101
70
89
340
160
55
59
61
71
95
257
70
83
108
106
118
428
1458
83
101
76
134
71
92
64
96
71
73
62
59
70
63
71
99
75
78
99
206
186
146
249
308
347
139
72
105
167
191
117
181
2727
813
61
143
87
75
70
86
92
60
79
57
81
75
99
85
78
85
258
111
81
62
85
119
92
81
75
113
67
229
220
87
101
82
130
112
67
108
179
195
2390
87
137
147
110
129
111
73
50
107
110
97
76
111
68
79
82
107
94
118
203
111
188
85
355
449
143
162
139
204
327
190
245
128
81
127
98
65
74
63
263
91
110
92
79
65
77
94
72
85
77
80
92
102
102
103
137
85
2205
83
118
85
99
92
169
151
105
118
116
81
82
95
85
81
70
103
91
107
137
138
102
266
550
156
101
133
137
137
228
3244
493
230
65
86
181
75
90
85
78
72
64
77
105
67
163
3327
52
171
111
88
57
85
106
444
1656
88
1170
325
289
220
213
404
702
315
99
155
115
107
99
136
70
87
80
198
426
181
132
219
346
386
140
72
144
198
172
120
212
186
126
141
168
62
111
95
101
70
110
125
82
79
51
69
88
111
77
90
96
186
108
79
255
2468
97
67
91
101
117
101
108
103
99
111
113
89
108
92
80
88
101
174
106
226
170
126
384
404
258
298
94
144
148
236
131
250
109
91
148
103
96
95
69
182
146
91
73
115
94
99
146
114
106
104
86
160
88
88
135
149
121
57
104
96
107
107
140
71
86
65
78
101
83
65
381
110
81
59
80
73
2292
90
74
85
74
99
87
88
77
73
91
70
93
75
100
99
102
60
81
77
214
138
210
72
344
441
152
153
117
128
229
159
246
158
127
90
168
88
135
169
168
64
51
77
95
118
298
97
84
101
84
72
80
252
77
76
90
86
69
80
237
64
63
66
73
80
100
116
106
87
53
60
70
67
73
56
102
77
72
96
173
174
111
92
83
71
80
87
2304
116
113
83
86
136
81
84
63
173
84
87
70
102
77
84
85
62
65
80
106
246
126
270
379
285
138
112
120
199
222
163
162
109
82
137
97
79
57
65
111
77
97
76
130
87
124
83
105
87
70
97
113
73
117
86
232
68
76
107
91
104
61
55
70
66
124
85
81
128
116
146
97
65
78
69
166
179
77
132
172
72
82
79
57
48
92
59
92
98
125
122
110
157
87
81
106
303
84
98
88
70
86
128
63
82
108
318
645
181
120
106
86
121
80
93
235
694
240
76
88
75
91
250
2113
103
101
54
61
87
105
70
78
81
89
72
288
124
71
87
59
62
68
56
292
194
85
340
418
152
286
144
154
191
113
291
81
75
174
96
74
89
177
148
94
106
244
63
90
91
89
87
83
76
68
51
84
74
68
64
75
75
79
263
62
837
127
264
81
143
128
110
86
72
82
109
130
172
101
149
128
140
79
150
199
74
93
91
157
117
133
185
79
1421
1795
164
138
153
107
123
88
82
65
78
106
92
83
69
78
51
75
234
75
68
73
58
59
54
61
88
75
105
68
65
81
95
69
77
78
72
55
162
143
65
97
132
81
69
78
79
65
84
74
88
58
74
89
92
83
103
88
91
305
78
95
66
70
85
61
79
72
95
94
92
89
114
103
79
153
211
92
100
168
133
63
77
82
62
88
55
54
55
131
64
51
67
61
69
55
95
64
64
100
238
90
88
76
63
72
129
89
52
83
65
63
78
105
79
80
78
105
81
94
190
178
91
70
67
103
133
85
169
78
68
115
95
89
114
85
81
85
76
54
76
238
72
103
141
68
74
87
60
45
78
68
48
81
97
71
60
69
66
48
54
165
169
77
74
44
88
74
99
81
68
79
103
87
125
73
83
119
99
81
121
64
137
165
46
204
83
84
115
87
105
137
88
72
110
167
130
149
87
72
613
155
1485
271
154
132
98
88
113
97
66
115
133
97
42
88
66
61
53
98
74
266
89
94
71
166
230
145
86
104
114
94
111
1444
212
217
90
88
74
65
127
209
92
82
63
47
82
49
78
67
57
140
106
80
57
69
47
407
80
318
110
129
96
115
114
218
108
122
105
58
73
64
260
81
115
93
98
121
107
102
66
64
59
1010
61
144
147
143
89
70
57
71
46
75
53
58
82
95
63
77
65
47
54
69
57
61
219
81
53
72
105
76
63
1427
192
121
115
59
88
1277
65
230
55
55
92
142
147
200
106
112
103
60
97
56
77
64
86
196
60
52
76
62
82
40
68
110
174
346
64
108
70
85
110
85
98
82
192
106
94
82
94
131
1514
243
100
126
168
162
134
95
1560
107
96
75
139
76
68
89
52
62
71
113
93
99
80
73
84
106
70
73
84
96
96
111
236
85
103
86
105
89
123
89
76
62
70
55
68
56
107
79
96
60
83
90
104
218
70
69
82
99
55
81
92
86
157
93
69
153
172
169
273
129
98
99
84
135
91
100
55
163
150
76
84
76
69
1602
112
164
79
53
97
131
95
226
183
101
144
71
143
115
254
84
94
61
66
78
86
119
93
62
71
94
74
104
120
84
107
71
93
92
234
65
47
76
75
84
90
71
63
66
87
84
71
48
244
96
96
75
75
146
119
100
62
93
90
173
46
81
106
70
121
104
151
99
68
53
91
73
62
96
163
132
86
52
73
259
65
104
102
132
109
194
112
77
36
60
56
94
124
77
81
100
69
76
86
193
212
85
96
352
1106
261
210
86
85
79
88
47
82
127
62
80
55
95
107
55
222
42
91
63
71
74
77
73
128
427
233
129
116
847
415
49
101
120
123
108
123
264
88
62
103
270
85
61
45
59
64
72
61
71
52
63
96
82
74
95
59
212
45
79
106
77
104
108
135
85
95
71
58
73
27
57
293
210
121
114
175
181
302
102
103
321
169
110
89
65
56
103
90
107
61
84
75
71
100
103
142
93
212
164
111
179
145
128
91
79
51
92
89
86
104
80
105
88
62
94
80
81
142
263
121
127
1237
250
80
122
77
93
56
88
98
51
65
65
64
91
86
1135
649
245
71
88
52
66
91
56
82
72
100
90
107
308
162
108
86
94
75
78
91
121
186
123
81
115
143
425
234
233
139
98
97
100
98
70
93
104
73
114
86
93
156
152
80
194
82
177
279
108
107
77
52
76
100
96
100
81
72
70
82
74
60
73
62
97
141
101
233
75
85
68
84
154
89
120
111
106
104
83
68
154
320
84
77
67
188
79
181
180
170
90
74
47
67
84
147
123
89
68
199
218
76
62
143
152
108
118
92
130
207
80
68
78
124
136
95
84
60
87
82
83
30
57
59
91
66
59
93
65
258
99
83
87
56
77
143
134
143
145
136
95
93
58
177
189
131
85
116
113
184
195
80
132
115
101
80
127
130
114
102
82
210
76
105
80
79
87
100
111
145
256
108
89
297
155
110
91
299
128
168
82
92
98
133
70
83
148
166
132
82
187
308
144
144
142
66
41
514
2541
13771
9385
1032
96
105
90
105
74
85
89
61
115
226
144
77
85
133
147
87
138
180
163
106
118
107
113
125
161
89
155
202
142
143
278
124
93
356
596
74
70
98
136
92
100
224
119
102
95
67
104
556
145
97
184
135
88
69
100
80
56
61
101
58
78
183
103
154
89
125
83
100
75
61
130
67
109
123
193
96
82
87
94
113
85
81
88
121
89
195
125
132
147
129
126
178
98
96
73
138
60
197
93
100
68
104
116
156
104
177
123
139
150
122
90
122
162
93
114
72
119
61
107
99
138
99
166
133
112
113
95
107
281
134
69
72
53
84
104
97
70
94
160
109
69
112
101
65
94
102
94
60
100
108
94
51
60
119
94
97
73
84
69
81
113
142
111
184
116
110
149
83
324
214
102
121
99
62
103
396
112
148
401
110
75
170
445
196
112
74
151
100
125
112
56
87
116
1156
120
87
97
100
89
147
96
141
363
240
146
219
96
87
94
137
222
169
331
219
70
72
59
138
132
152
184
137
158
340
157
113
132
198
133
317
116
143
164
130
92
87
133
103
79
153
638
158
122
92
109
195
134
55
120
121
223
175
122
94
97
93
90
67
82
195
356
148
206
226
122
175
231
224
130
192
191
208
182
245
150
73
118
106
60
87
73
164
119
134
106
89
75
103
73
99
146
138
112
112
69
89
94
104
96
104
125
90
109
96
85
94
121
71
119
106
83
91
146
83
137
147
73
93
90
92
127
115
117
168
420
118
82
102
196
136
162
360
301
169
457
157
113
118
158
112
118
159
324
169
216
324
224
109
92
135
123
113
132
840
377
193
1744
243
169
122
215
765
1099
134
110
178
180
108
88
116
120
105
112
133
157
175
206
187
687
294
112
123
113
214
255
187
280
139
106
200
138
137
868
237
135
434
116
147
134
113
196
207
275
151
224
154
148
215
294
220
114
103
242
86
132
178
136
144
114
166
103
109
225
286
250
1043
353
188
208
95
119
370
108
110
62
184
1030
162
131
1308
517
503
175
234
178
198
134
97
730
168
79
133
235
160
179
301
159
125
110
125
131
838
208
71
120
310
298
175
72
74
92
74
66
691
262
325
1234
1986
3135
285
222
89
140
102
89
570
1836
346
161
132
127
265
246
101
120
88
174
734
328
534
184
68
332
270
292
106
439
110
354
332
72
72
97
85
110
108
962
85
117
90
73
130
159
86
65
93
86
71
76
58
99
81
114
156
176
116
82
134
132
193
117
94
70
145
120
84
119
97
226
114
123
112
100
150
1061
963
279
194
154
61
107
96
63
131
99
114
118
129
106
90
96
86
86
60
65
85
84
63
70
76
92
102
106
98
65
80
101
78
83
71
92
90
79
91
119
100
90
79
62
70
59
123
102
129
106
130
88
132
501
196
149
307
67
76
90
77
148
98
88
63
79
81
95
121
165
143
95
463
154
70
92
103
67
89
85
84
93
93
72
92
98
54
81
73
88
109
88
75
66
73
103
79
97
66
115
134
84
283
186
113
100
86
78
110
86
129
96
74
107
123
97
75
92
97
71
123
117
133
122
83
80
134
114
1495
338
186
84
69
103
121
106
122
121
91
134
108
83
106
77
83
77
80
105
58
86
170
132
124
148
90
70
202
1012
390
119
149
131
92
91
56
97
62
74
115
100
118
112
91
97
77
96
76
103
82
168
106
94
94
69
97
88
242
96
140
1195
284
131
91
107
84
73
133
1044
223
139
584
225
111
86
85
115
110
164
94
89
1372
332
108
101
103
112
146
118
89
74
95
85
86
309
246
85
172
149
129
105
116
86
103
455
127
109
110
90
74
86
118
124
107
92
111
133
246
85
108
83
72
83
482
77
97
84
65
109
99
94
108
79
150
79
69
287
186
267
78
88
91
101
117
94
117
82
84
117
78
48
105
1053
516
255
90
98
81
185
143
55
99
81
62
135
102
90
148
112
120
168
128
322
234
111
370
87
137
75
259
123
90
78
58
119
132
100
90
433
123
81
99
71
90
90
74
102
109
77
138
168
56
64
81
113
85
64
63
67
103
77
129
82
76
103
1567
284
98
68
83
247
110
122
76
87
78
86
150
95
92
109
95
76
1242
258
98
101
92
148
102
601
317
109
64
132
86
90
138
84
132
111
187
116
102
53
90
100
101
112
96
90
101
115
107
92
87
128
105
142
94
123
85
121
115
98
104
106
116
110
132
109
606
97
74
126
99
79
131
122
70
