55
52
70
105
57
44
48
52
47
53
69
63
53
50
45
35
46
51
59
58
37
46
71
71
89
81
83
25
40
44
46
49
62
295
37
52
40
35
30
40
51
65
69
51
58
46
46
69
66
89
110
61
73
48
44
68
74
66
57
76
61
73
93
39
44
44
34
38
35
69
68
65
56
43
30
46
50
41
36
57
48
49
123
88
59
51
57
35
74
57
47
28
27
33
45
31
47
418
42
56
104
69
99
67
65
85
83
44
567
145
145
48
57
51
45
40
59
85
65
54
30
43
71
52
56
60
48
51
37
82
68
62
74
37
50
50
61
44
46
82
51
170
101
120
150
357
142
77
62
60
48
66
56
72
71
40
94
69
80
74
57
103
81
59
83
42
49
71
80
80
63
57
51
47
48
47
45
32
25
47
45
94
77
100
67
61
60
33
37
50
53
275
50
51
40
46
54
53
56
41
58
40
68
60
44
53
64
44
45
44
35
40
49
48
57
90
101
44
66
53
66
57
87
74
76
72
41
47
59
30
32
42
49
70
117
80
339
66
91
84
58
43
60
46
33
48
55
67
27
35
45
66
63
53
46
37
48
47
39
34
35
33
43
45
44
34
24
36
51
51
44
23
42
37
40
55
35
50
52
47
125
45
41
45
27
44
106
34
38
38
53
47
65
43
28
34
73
54
42
32
39
54
58
29
120
43
34
2701
42
59
58
52
66
65
56
54
60
84
100
46
39
41
42
115
191
73
1328
422
1041
70
72
44
44
36
48
46
167
169
59
49
54
47
30
27
33
49
52
36
2696
43
53
52
58
47
44
57
45
57
54
54
59
73
26
21
32
52
56
36
95
42
55
68
48
40
50
28
55
48
33
42
44
40
45
46
28
41
25
26
49
40
46
41
41
28
58
49
36
37
41
31
57
42
38
36
28
59
79
35
39
43
35
58
57
60
46
43
40
42
45
54
50
42
40
41
56
43
33
47
49
49
42
44
28
26
25
33
50
24
66
52
47
76
65
47
47
60
39
98
87
69
76
60
39
49
67
55
32
41
36
41
36
49
33
43
41
42
40
39
43
38
68
70
65
82
102
67
56
42
39
32
26
39
50
43
41
54
44
44
33
40
34
74
60
36
36
29
46
39
33
57
37
45
43
32
39
50
35
46
62
63
2711
50
38
49
34
35
48
38
32
59
60
73
65
45
48
43
180
49
53
838
1953
90
73
36
44
36
46
57
44
35
59
46
37
53
39
45
36
51
55
59
53
46
45
38
39
40
21
53
60
37
42
54
60
310
107
77
81
81
47
52
93
49
37
34
49
51
56
50
49
36
50
37
38
51
42
37
38
41
43
51
64
50
42
48
55
53
60
60
46
37
40
40
43
42
41
45
69
76
55
67
58
61
42
30
44
67
64
75
52
81
57
84
67
55
50
44
36
40
36
83
67
81
50
40
94
54
70
72
54
41
34
41
36
48
43
49
44
78
94
57
72
87
52
46
54
36
48
51
66
56
49
54
80
102
114
86
76
62
56
53
33
57
75
35
37
30
35
43
54
48
55
299
34
33
40
38
58
85
61
35
40
39
49
49
52
43
36
41
38
37
33
56
49
35
39
42
45
77
55
59
40
50
46
49
38
40
325
69
51
61
53
55
46
50
48
48
41
26
44
33
63
88
43
44
42
37
34
40
55
51
43
69
60
48
50
33
33
34
63
37
110
96
55
127
24
34
25
28
23
25
46
30
39
43
57
46
40
31
45
49
46
36
38
44
33
32
44
48
39
35
67
56
46
35
48
32
40
40
38
28
30
36
37
39
29
31
36
31
42
42
36
29
24
41
31
27
26
28
25
17
35
28
44
45
58
66
68
45
53
47
41
31
37
46
49
53
53
35
46
47
47
61
47
38
48
49
78
37
221
47
85
70
52
31
43
44
40
54
37
36
46
37
39
33
27
38
115
117
29
32
78
55
40
32
37
144
151
47
128
84
56
43
49
31
40
45
39
79
71
81
75
48
60
41
47
26
54
45
35
26
37
39
26
25
45
23
32
38
26
35
37
41
44
32
61
55
65
47
30
27
47
32
34
27
32
34
28
30
37
34
32
36
40
36
35
20
42
31
56
36
39
31
33
38
79
47
43
36
48
27
39
33
84
21
26
25
30
29
26
35
175
191
45
167
329
243
42
42
36
37
197
189
67
59
107
62
56
56
52
64
58
48
40
48
57
63
52
201
39
42
65
65
49
64
84
50
68
112
31
85
39
37
44
81
37
20
27
20
30
39
35
22
32
30
15
26
33
38
25
30
32
33
34
31
36
32
20
28
24
32
54
30
39
44
36
26
27
23
29
39
32
51
49
54
40
39
39
57
41
39
34
27
31
45
46
44
30
54
53
83
62
29
42
101
61
71
62
39
31
43
31
42
38
28
26
19
31
38
14
27
20
25
12
117
98
31
72
56
44
150
87
61
60
68
56
47
58
39
23
40
69
66
34
131
55
37
37
43
44
40
26
29
53
51
64
94
39
37
34
143
49
45
72
33
57
31
21
33
47
53
62
54
34
36
33
20
32
34
17
32
84
55
24
27
22
17
18
45
36
38
42
19
44
40
29
26
29
37
81
79
53
36
44
41
76
53
61
36
41
77
30
60
47
89
56
36
33
72
53
928
142
125
847
29
20
117
89
192
155
198
77
85
237
82
218
329
129
62
50
47
115
21
22
12
121
33
44
57
96
44
142
102
128
125
61
97
76
65
60
66
66
59
34
36
31
41
54
190
47
30
30
28
34
72
18
20
182
76
106
22
44
22
36
60
130
117
136
36
135
55
80
65
167
69
18
115
176
48
46
132
73
158
106
78
53
39
114
89
84
31
49
70
58
38
31
44
26
21
19
30
38
27
27
42
30
27
19
35
24
35
50
26
31
45
49
37
86
107
44
58
49
42
63
62
40
62
31
27
170
83
118
54
74
122
98
165
38
26
31
38
68
71
64
26
24
33
28
29
62
43
39
22
46
65
45
38
70
60
53
72
119
69
46
42
101
57
52
37
130
118
87
56
84
84
71
50
36
34
56
44
37
34
43
53
58
45
46
35
49
49
54
41
48
51
57
42
33
31
32
41
53
44
61
42
30
28
49
42
28
38
40
41
46
40
60
33
44
28
36
24
40
14
32
38
35
65
68
47
83
63
84
81
59
52
44
46
57
32
39
40
50
55
43
47
39
26
52
67
41
52
46
61
77
70
70
72
94
118
104
44
71
41
35
74
29
29
35
44
81
57
52
56
36
37
55
42
68
58
55
68
30
25
21
25
40
38
51
50
53
42
51
49
38
34
26
32
46
50
44
44
49
30
27
37
48
28
31
43
22
30
55
85
52
55
36
22
35
26
19
76
69
48
29
25
25
26
28
115
65
91
79
72
56
20
21
47
90
48
61
60
53
34
36
72
44
45
39
66
59
122
101
113
56
40
45
36
30
36
29
34
31
24
56
42
27
39
35
30
23
53
45
58
47
170
154
97
73
76
48
34
69
47
80
101
61
100
66
30
34
38
52
32
28
19
29
26
39
30
29
31
42
22
27
32
22
23
25
29
41
46
42
58
26
36
50
27
35
31
29
27
96
112
100
83
63
85
95
78
196
169
53
67
45
26
47
33
34
36
37
40
49
36
33
41
122
50
41
74
59
77
60
32
32
26
42
70
33
42
43
75
46
22
55
31
58
46
41
56
55
102
64
46
38
56
36
34
26
31
25
34
32
35
27
49
50
179
45
46
44
25
40
34
34
34
71
58
64
48
77
67
67
42
27
42
41
29
57
157
521
211
107
101
80
59
56
43
94
64
61
33
48
44
70
87
52
34
62
67
74
83
44
71
256
91
61
42
45
38
45
61
54
37
26
135
45
41
39
34
126
45
76
26
42
35
36
27
61
38
52
66
155
45
47
41
47
70
46
140
68
49
61
43
44
55
47
41
26
33
38
41
42
36
43
55
46
43
63
77
69
71
64
41
38
43
31
40
61
41
57
41
39
56
54
36
30
20
40
51
40
48
61
127
71
57
72
43
24
33
99
100
85
54
88
63
79
60
109
114
80
50
69
82
59
44
57
136
64
54
67
66
57
46
53
76
51
65
77
45
52
50
64
49
67
75
51
94
77
66
71
189
186
66
77
80
68
54
64
44
144
143
101
77
98
93
109
82
89
47
84
56
53
65
97
65
78
49
38
44
46
54
39
61
78
58
74
114
68
75
121
88
97
92
110
93
70
75
49
70
103
88
111
66
74
128
72
43
147
114
44
159
124
60
92
64
99
80
86
102
41
101
121
83
59
69
48
60
37
39
28
31
102
39
37
72
46
94
65
76
48
47
56
36
78
46
67
65
84
49
38
46
61
52
49
36
44
44
87
64
53
43
65
49
80
129
42
43
63
57
63
51
54
41
40
86
139
331
150
100
80
86
60
96
50
95
56
91
55
58
44
61
81
60
80
77
73
72
66
50
70
64
40
47
45
42
40
57
64
35
73
66
63
92
54
53
47
52
72
39
41
50
50
57
59
52
52
37
43
44
48
51
71
102
63
95
63
82
75
46
44
144
66
107
65
42
51
55
78
62
80
55
91
151
186
128
52
47
72
64
69
92
82
74
104
79
64
60
47
88
53
27
69
511
705
304
114
406
953
873
87
125
90
101
113
58
44
28
56
73
63
107
98
197
155
147
72
77
108
107
217
67
85
81
92
69
33
67
57
49
159
187
70
77
70
56
65
52
50
62
129
94
95
54
66
58
51
117
42
90
197
154
155
146
90
120
166
133
77
108
118
90
167
144
58
41
82
51
27
41
67
108
105
46
81
56
38
31
45
67
83
84
91
33
43
47
45
49
66
65
51
67
50
82
56
51
64
50
46
38
55
50
68
55
47
48
39
45
75
44
74
106
106
84
106
81
77
103
89
96
86
112
115
62
57
77
53
46
117
147
137
270
74
94
57
50
57
71
61
67
118
130
100
96
77
78
109
90
93
52
74
53
53
43
46
41
73
59
56
94
95
99
130
121
80
217
145
100
80
92
140
127
80
85
98
85
133
75
168
157
109
204
359
276
81
1038
956
2989
1267
2087
2109
839
297
79
180
191
134
72
134
78
84
93
68
109
104
118
86
76
252
127
178
175
146
53
60
54
86
80
46
39
53
146
172
184
187
120
192
131
111
131
116
64
76
127
109
103
53
129
128
84
89
95
73
69
74
84
225
168
137
88
151
96
94
37
35
44
42
50
171
107
392
132
95
122
99
49
80
65
47
97
131
80
144
128
79
106
77
164
99
74
111
112
135
61
83
41
50
112
90
89
60
391
188
152
88
44
51
46
52
230
1214
51
47
35
31
50
37
22
33
29
864
705
34
42
29
31
73
89
78
66
73
45
80
69
62
62
79
232
69
91
59
1225
76
80
51
36
54
69
124
102
113
74
28
47
54
26
62
50
54
58
135
106
48
56
35
34
32
39
48
49
47
30
44
85
56
62
51
41
37
32
361
981
44
42
42
91
65
75
52
42
29
34
32
86
59
110
91
120
47
95
61
62
86
75
32
38
40
62
65
62
57
37
47
36
49
58
78
59
51
57
49
48
48
32
41
47
55
196
51
36
41
47
34
34
33
33
47
43
34
45
36
51
43
43
44
63
60
89
59
95
50
57
59
35
47
44
65
72
95
66
44
47
26
48
34
40
51
124
88
63
32
169
70
64
125
55
110
27
37
46
132
129
64
56
61
54
56
55
74
45
41
38
37
38
224
92
68
76
61
42
53
61
58
67
70
80
50
50
54
48
42
50
65
63
61
79
99
39
54
46
49
50
74
138
80
79
58
49
60
43
93
36
117
80
66
56
69
45
38
39
83
177
80
75
81
57
40
47
33
49
41
53
68
73
76
55
87
45
51
36
64
56
67
53
63
55
67
51
49
50
44
53
71
37
51
59
180
163
37
41
53
43
45
38
44
42
39
46
56
42
33
46
67
49
38
34
45
43
74
208
34
49
61
43
39
46
37
32
81
48
37
38
54
39
69
41
64
979
395
45
31
31
48
49
42
66
35
56
50
41
42
30
43
38
44
40
32
56
49
59
73
86
92
69
93
59
82
74
368
529
509
1319
1590
1168
257
968
999
1490
570
99
41
32
44
43
43
45
158
45
46
45
36
43
40
30
44
33
117
106
27
28
38
51
42
45
67
51
208
162
64
33
44
54
54
44
52
50
37
133
31
41
49
27
43
73
48
43
58
932
73
183
130
62
76
46
61
44
55
35
25
99
71
59
70
36
40
49
67
801
58
38
55
53
59
47
35
49
66
878
47
52
45
40
53
66
30
35
28
250
45
57
59
55
61
97
83
54
42
