33
34
37
58
55
36
38
40
36
33
47
49
40
28
38
33
25
39
32
36
33
68
38
55
58
30
25
24
56
45
28
30
36
33
30
29
34
31
41
41
35
35
44
25
24
37
42
91
111
65
80
36
31
36
43
39
42
52
55
47
44
39
26
33
32
30
31
33
29
33
32
41
37
38
29
27
32
31
42
33
32
42
92
62
41
50
30
42
46
86
26
27
36
35
24
30
41
37
58
43
69
54
42
58
72
48
47
30
80
51
75
30
29
29
40
53
52
53
40
34
32
54
61
42
36
33
46
44
38
54
39
30
34
35
39
37
31
39
83
102
75
56
68
101
75
53
43
54
35
43
42
56
46
31
37
63
92
161
225
73
74
57
44
31
26
37
42
41
52
30
32
30
35
35
26
20
24
36
48
111
107
82
62
36
51
32
32
50
53
61
57
55
43
35
32
53
47
79
38
36
35
52
49
47
67
35
34
37
34
24
29
37
69
60
61
45
48
47
32
38
41
37
91
124
32
51
44
27
33
37
44
75
59
72
51
59
29
31
39
35
40
25
30
41
41
26
28
31
47
44
47
36
24
42
33
52
36
31
32
30
33
37
37
27
27
30
29
31
35
55
35
42
37
30
35
45
40
36
35
50
37
38
32
20
64
35
38
53
52
50
32
30
38
44
33
30
26
29
30
29
60
31
84
24
36
33
31
37
35
39
32
61
54
26
29
36
42
31
33
22
29
41
57
54
27
26
51
52
38
41
38
39
35
29
26
33
40
34
36
34
29
22
25
30
32
32
28
38
46
43
47
38
43
46
46
42
28
34
40
35
31
26
25
35
41
35
67
64
72
45
47
35
46
36
28
46
35
35
39
28
22
29
31
30
26
27
32
27
42
39
39
31
63
63
35
30
28
31
66
72
31
31
28
32
68
24
37
33
36
30
37
40
36
36
34
43
33
33
37
35
30
39
47
40
34
43
39
43
26
24
32
30
23
28
29
27
38
46
42
44
41
34
31
35
34
50
53
36
40
37
25
36
32
35
28
23
29
26
25
47
45
41
44
38
41
30
33
25
47
74
36
48
53
50
34
32
21
30
29
21
54
27
35
40
23
21
28
29
36
29
30
25
31
34
35
37
32
41
25
24
20
29
31
29
34
33
40
34
37
30
32
22
30
41
34
38
42
34
28
33
34
33
37
69
27
33
63
40
32
35
42
48
35
43
35
40
26
30
37
44
35
43
32
32
26
28
35
28
37
25
32
36
25
20
25
29
44
37
26
30
41
47
65
55
63
56
44
34
46
36
46
18
43
50
50
39
39
26
30
27
32
40
46
41
30
27
56
48
47
36
33
41
43
41
38
57
50
42
28
99
72
48
49
47
44
84
83
44
39
40
40
47
45
37
39
51
34
40
40
46
45
40
34
33
53
36
43
55
42
34
40
38
36
56
50
32
34
26
37
31
32
33
29
40
52
54
41
35
46
88
0
52
58
46
44
49
54
37
27
38
43
65
77
57
49
37
36
35
41
59
37
35
35
40
27
40
27
34
38
23
30
34
76
70
36
28
26
29
52
30
80
35
37
36
44
33
44
34
26
33
31
40
58
53
42
50
32
50
26
36
36
42
37
38
34
37
29
35
38
47
88
42
28
25
25
50
45
37
47
51
45
38
30
35
33
27
41
43
43
30
24
42
24
21
21
27
42
39
50
59
38
20
26
27
30
32
27
27
29
56
58
53
29
31
44
37
34
37
32
39
48
36
41
33
29
28
35
33
31
32
38
36
29
28
26
26
25
27
28
24
51
24
26
30
30
33
32
32
23
28
27
30
21
25
40
21
30
27
32
49
44
59
49
38
54
27
26
30
28
32
62
37
31
30
40
37
35
31
29
37
34
62
40
74
99
57
40
36
29
29
42
28
36
39
38
33
46
45
48
24
37
60
56
24
75
0
55
38
22
34
63
75
29
73
43
29
25
30
42
36
42
37
44
54
51
35
47
37
31
25
31
39
42
25
30
33
30
25
29
31
38
32
25
29
21
28
28
25
28
42
54
31
29
27
23
19
23
21
22
36
30
25
29
35
29
23
24
26
24
26
27
38
31
27
49
38
32
24
44
66
39
40
35
27
25
33
60
26
23
24
20
26
25
25
27
45
43
43
43
43
27
27
29
28
46
49
62
46
46
45
50
38
48
41
28
44
44
31
38
39
82
85
49
41
35
46
56
49
39
46
44
56
62
45
75
66
30
53
24
88
49
23
24
26
26
28
27
23
19
27
22
29
29
21
21
23
22
34
25
34
31
24
23
19
41
59
53
36
37
29
27
20
26
25
33
24
27
32
37
49
39
45
41
51
41
33
27
30
28
31
27
30
42
44
37
71
63
63
95
61
59
28
28
28
32
29
42
37
31
47
26
63
41
32
22
20
27
23
76
37
44
44
32
77
69
64
27
23
41
42
47
35
29
30
25
57
45
25
62
51
49
33
65
29
27
45
37
42
58
61
47
33
48
37
40
45
48
36
38
34
26
23
28
35
38
56
34
31
29
26
21
26
30
48
43
85
56
48
28
22
26
60
31
26
26
22
46
44
43
31
29
35
50
41
35
25
25
40
32
49
42
37
35
35
21
33
46
44
59
47
105
150
79
63
50
206
115
39
45
132
92
168
114
60
94
61
42
65
56
82
72
48
40
34
32
23
15
54
43
56
47
66
47
35
122
112
59
42
47
39
153
76
55
89
34
30
19
18
106
47
30
31
22
17
21
66
53
17
96
113
34
32
17
31
21
48
47
84
96
36
76
79
78
63
87
75
31
74
83
85
55
68
48
65
89
65
54
31
75
51
74
69
36
24
64
35
34
25
26
21
19
19
23
20
20
27
23
22
27
24
18
29
27
28
84
69
62
33
29
42
54
47
36
46
43
54
44
29
27
24
38
151
20
35
50
45
67
35
66
55
25
48
16
58
25
27
25
22
27
24
38
56
44
42
49
30
32
36
37
43
37
46
45
60
25
36
35
73
54
46
58
72
134
57
44
41
85
45
24
35
25
30
24
23
24
37
50
51
38
32
30
33
27
31
29
30
44
45
34
34
26
45
47
65
44
25
22
33
23
16
19
26
25
28
28
39
31
26
36
30
19
14
26
26
35
32
27
42
59
66
46
50
38
51
41
42
40
27
28
28
27
30
51
86
73
59
31
38
73
60
87
51
47
62
42
51
73
42
37
42
50
27
29
31
26
34
33
31
29
44
43
35
35
23
36
36
44
44
35
30
45
40
19
18
19
26
26
28
45
33
25
24
44
40
32
25
38
26
31
30
25
29
24
25
23
37
33
21
19
25
22
47
38
53
35
34
26
53
46
19
49
41
41
32
27
25
30
73
66
33
52
44
42
59
27
55
27
26
36
25
30
42
29
21
52
59
48
58
88
56
88
85
64
51
33
36
31
26
25
24
29
25
28
32
32
34
26
20
25
21
29
41
32
49
92
121
135
35
29
31
27
23
46
41
30
39
26
29
27
34
31
33
27
26
23
21
26
25
23
23
27
46
28
25
23
26
25
20
21
25
27
42
27
45
26
60
39
22
21
14
22
49
77
62
79
45
52
52
36
45
36
30
32
36
27
29
22
49
50
28
25
31
28
46
44
94
43
67
77
61
69
58
55
30
29
21
38
40
25
31
43
38
29
22
27
36
38
41
47
168
60
44
51
41
46
41
40
28
90
32
20
25
83
92
38
35
55
39
42
32
22
27
27
26
32
32
32
56
44
44
51
41
28
24
24
27
27
752
49
60
54
44
55
63
56
56
58
63
30
34
32
26
35
38
43
44
29
61
78
37
58
40
41
98
52
81
40
22
25
22
40
43
29
23
34
37
23
17
28
41
30
64
32
40
28
49
5
45
37
36
47
58
36
33
31
25
30
45
47
32
34
38
34
36
31
35
33
32
27
20
24
36
43
28
58
58
35
37
49
42
53
43
35
26
33
34
26
28
51
52
36
22
34
43
35
29
20
30
67
43
46
44
31
83
34
63
59
29
25
54
43
51
41
88
85
41
18
61
94
79
78
36
47
47
37
36
95
69
50
34
48
43
44
62
62
51
59
37
43
36
32
35
46
43
42
42
59
62
62
53
101
340
71
56
37
41
35
36
29
38
60
59
49
43
59
65
59
61
35
33
59
47
34
44
39
48
35
30
44
40
40
33
36
35
46
177
194
41
59
42
62
100
71
71
784
62
47
53
83
54
64
74
41
65
47
77
45
54
81
49
39
30
34
38
40
49
60
49
30
43
53
48
75
68
57
51
46
31
33
27
20
47
66
63
167
42
42
47
38
791
34
793
47
40
22
38
47
26
31
34
51
36
40
25
58
51
56
82
53
42
46
38
55
56
39
38
45
34
102
42
42
30
42
50
53
56
78
75
45
40
76
52
45
75
46
72
65
51
29
31
65
39
63
62
46
76
47
47
43
47
39
35
51
56
28
30
32
31
56
52
93
41
31
30
34
36
38
42
34
48
40
36
25
28
38
35
36
37
35
28
48
43
62
62
57
61
53
34
29
74
61
51
36
27
36
33
42
52
106
83
38
54
108
77
61
52
63
51
43
74
71
42
55
64
54
75
75
88
41
36
24
41
1475
261
95
58
1191
534
703
81
81
72
79
61
38
34
28
37
71
81
60
59
127
98
58
77
103
91
133
45
57
49
71
46
34
42
40
40
58
141
97
57
40
51
49
49
43
32
52
70
70
96
43
51
44
65
40
72
178
126
114
96
85
95
135
139
53
59
69
98
139
114
57
63
81
52
48
34
53
44
92
82
39
39
33
43
42
40
75
59
35
32
31
34
33
31
39
56
36
44
58
35
39
39
34
53
49
39
30
52
46
46
53
37
38
24
39
51
43
49
73
67
61
53
47
66
50
59
92
99
53
147
117
50
41
39
33
77
89
270
114
50
52
41
44
38
37
46
50
53
102
134
96
59
79
76
95
52
48
44
41
35
29
27
64
37
35
47
62
60
60
91
67
140
131
64
44
55
82
85
50
64
60
81
68
66
150
92
68
113
145
77
70
63
77
74
105
54
176
79
58
122
127
68
59
79
36
48
47
47
71
58
75
78
45
159
111
84
138
124
82
53
117
92
77
48
34
79
113
87
97
127
110
114
94
77
76
78
58
81
62
63
38
76
131
60
80
87
49
50
38
59
135
100
37
40
106
86
71
56
60
38
42
39
66
90
117
166
332
188
74
65
46
42
46
65
55
74
56
104
63
66
46
86
53
43
68
57
101
57
58
37
71
104
79
77
46
77
99
188
146
37
31
30
43
57
86
150
34
31
30
34
30
28
34
38
37
47
29
30
32
29
48
73
55
53
49
44
50
47
39
39
47
68
59
57
111
122
192
95
159
64
57
76
96
114
66
79
27
27
34
30
31
35
49
55
44
43
33
29
32
28
18
24
32
40
35
36
38
71
47
41
35
34
29
28
41
26
31
49
67
38
41
55
44
30
31
31
19
45
47
45
52
85
35
41
42
54
44
39
35
36
52
104
108
35
108
38
28
41
53
56
49
68
35
43
29
69
37
29
48
41
34
35
30
29
30
24
33
32
32
30
40
28
34
41
47
51
28
38
39
38
82
89
47
44
31
29
36
34
35
68
38
45
58
35
32
51
28
33
45
60
46
38
28
78
80
74
104
114
73
32
42
49
39
84
44
56
56
39
36
40
36
63
75
57
27
26
211
60
39
52
56
36
37
76
87
47
67
57
48
44
34
36
50
26
49
42
63
60
55
44
50
35
38
53
59
91
58
62
53
37
64
49
97
73
163
51
76
60
34
35
35
55
55
41
50
52
35
33
38
28
39
94
2
48
78
72
47
88
66
38
36
53
41
46
47
60
43
45
27
33
41
44
49
41
40
37
41
41
37
31
26
38
33
33
40
38
33
68
59
35
37
25
30
27
33
68
24
37
54
43
33
40
48
40
43
46
54
27
40
43
23
31
25
50
59
38
35
41
181
41
29
28
36
60
90
43
71
45
32
38
25
25
30
38
36
29
39
72
79
56
75
69
58
61
46
22
33
41
33
39
24
30
29
35
36
39
33
39
70
37
31
29
41
23
22
34
33
34
35
31
27
25
31
29
35
35
29
27
33
111
161
45
62
30
60
53
264
35
35
36
36
34
39
42
37
45
30
22
41
37
29
21
71
42
33
46
52
81
35
280
51
43
38
31
59
44
36
54
39
65
44
74
28
40
45
35
52
31
35
35
38
38
40
45
71
109
100
38
37
33
34
30
31
35
36
34
31
82
37
42
42
38
27
34
34
