7
8
26
47
7
4
16
9
8
6
6
8
12
5
2
18
9
11
7
4
5
3
6
6
5
10
4
7
14
16
9
2
12
2
3
6
4
8
3
5
6
9
6
8
11
166
163
18
2
6
2
10
3
32
52
12
4
3
6
5
4
4
1
6
4
11
4
10
4
6
6
6
10
9
12
6
7
17
17
2
4
4
9
11
17
14
5
2
8
7
7
5
6
20
24
24
29
5
39
6
8
0
4
1
2
162
136
6
7
4
13
10
18
31
23
6
8
6
16
29
18
15
2
19
4
9
3
7
5
7
9
11
1
4
8
28
21
22
10
35
21
17
7
45
8
12
10
14
5
6
12
41
13
47
18
21
1
6
2
5
2
8
10
6
9
5
6
2
4
8
4
3
3
1
147
7
137
7
10
10
6
7
1
3
1
7
7
1
6
5
5
3
10
0
9
7
7
18
15
21
3
2
5
1
6
5
8
21
6
8
4
10
3
8
8
6
7
4
5
6
8
3
11
4
20
12
4
3
2
3
5
5
9
8
3
7
7
1
3
4
8
4
4
3
6
7
3
3
7
5
3
4
1
3
6
9
8
8
12
7
6
10
3
2
5
7
5
6
4
50
7
5
5
13
5
11
7
7
2
5
1
8
6
5
2
4
1
4
5
7
4
5
1
4
5
3
4
6
4
7
4
8
1
6
7
3
3
3
5
6
4
3
4
9
4
16
4
10
4
5
1
4
3
3
6
4
3
11
1
5
1
4
4
5
3
9
3
6
3
6
4
9
1
4
7
6
7
7
5
2
8
1
3
6
7
4
3
2
9
4
5
4
5
5
6
3
7
6
2
6
3
2
4
4
11
9
3
3
6
7
6
6
3
1
11
4
6
4
3
8
42
320
109
3
6
7
3
5
3
6
3
3
3
7
5
3
3
7
6
7
7
10
1
15
6
8
2
8
3
6
3
4
2
26
4
8
19
15
5
5
4
5
8
6
7
10
3
2
9
6
4
8
6
5
2
2
6
6
6
11
3
7
5
9
2
4
1
5
15
8
6
6
1
5
3
4
5
5
10
7
5
4
5
3
4
6
3
4
4
5
9
9
2
10
4
10
6
6
5
3
5
7
11
11
6
6
8
5
6
8
5
5
3
4
1
6
6
1
4
13
9
4
3
277
230
5
3
6
8
10
2
3
2
3
1
8
3
5
5
9
9
3
5
1
3
1
5
4
8
4
10
4
5
5
14
5
4
7
3
5
14
4
4
7
6
14
6
6
1
6
8
3
5
4
3
5
4
5
1
9
4
4
4
5
6
7
3
12
7
3
2
1
1
3
4
6
5
4
2
4
2
6
8
6
3
10
5
4
1
6
1
7
3
6
8
6
2
5
4
7
6
8
3
5
16
4
3
35
9
8
3
5
5
7
8
13
5
9
8
2
21
3
11
3
5
4
3
2
12
4
5
5
2
3
4
13
15
2
8
5
10
2
7
5
6
7
6
5
3
5
4
2
4
3
4
4
11
6
5
2
7
4
7
10
4
3
5
3
6
1
11
7
6
4
2
5
2
8
7
3
4
4
3
3
0
0
8
5
7
5
5
7
8
7
5
4
3
2
3
8
15
7
4
8
7
5
9
8
6
4
4
3
11
5
4
2
3
1
5
1
4
12
9
4
7
4
6
4
4
3
4
1
8
4
7
5
9
8
18
5
4
1
7
5
7
3
10
3
8
5
3
9
6
6
3
3
9
11
4
5
2
5
4
6
2
4
5
4
3
7
4
7
4
9
4
5
4
4
3
11
3
4
4
3
2
4
1
7
2
4
3
7
7
5
5
11
4
9
4
5
6
4
4
2
3
6
5
6
8
3
7
2
4
5
8
2
8
2
5
2
6
1
4
2
5
7
7
3
15
1
6
4
10
6
5
3
1
3
9
13
3
8
3
15
10
10
6
12
8
3
5
5
7
3
5
1
10
4
11
2
7
10
4
1
6
9
8
4
4
4
6
4
7
2
5
2
5
3
8
6
5
1
3
3
3
9
3
6
1
3
4
3
10
9
1
9
2
5
3
6
4
3
5
4
5
3
4
5
3
3
1
9
1
9
11
10
2
7
7
5
5
9
5
6
6
4
3
7
5
9
5
7
10
11
2
6
12
6
2
6
3
3
9
5
2
4
211
198
1
7
6
6
0
4
2
8
3
10
5
7
3
4
13
5
3
4
4
2
8
4
3
7
4
14
2
9
6
4
6
3
2
4
1
7
4
4
11
4
5
2
5
5
8
5
8
4
4
3
9
5
6
1
8
8
6
13
8
7
3
6
1
3
4
8
5
10
1
14
40
3
10
2
4
3
4
4
5
3
3
1
5
3
2
1
6
5
1
3
1
2
8
10
8
5
3
0
4
3
5
3
3
5
9
7
1
3
6
4
3
5
3
8
4
5
7
5
6
5
1
11
6
4
4
2
6
4
3
3
4
8
2
3
0
7
3
3
13
5
4
4
2
4
4
6
6
7
3
5
5
0
2
2
10
3
6
6
2
7
7
14
9
3
6
4
4
8
2
0
5
1
5
7
8
3
6
2
5
5
4
1
6
5
26
6
4
31
9
145
126
4
2
3
7
5
5
8
10
8
8
8
4
11
6
7
1
9
10
0
13
4
5
2
6
163
0
139
4
5
6
12
92
7
4
2
3
5
4
6
8
10
4
0
5
60
74
11
7
4
7
2
4
6
5
3
4
2
5
4
0
4
5
6
3
3
0
131
6
2
24
8
6
0
3
2
3
4
4
8
10
2
4
0
3
4
4
4
2
8
3
4
4
3
176
58
11
6
7
10
139
2
99
4
3
3
3
5
3
1
3
0
2
2
5
0
7
0
4
6
4
6
4
6
10
6
120
14
7
8
2
6
2
10
2
18
1
6
1
6
3
168
128
14
11
4
0
8
11
172
9
8
2
3
3
5
2
0
2
6
7
2
10
7
12
3
8
7
6
11
5
4
0
2
4
5
12
6
3
9
10
8
9
3
13
7
5
2
6
2
8
6
2
8
1
7
7
4
9
2
5
3
8
10
15
15
5
9
13
9
38
84
13
8
4
6
129
6
22
1
15
14
6
8
4
11
0
12
5
4
6
10
3
2
4
9
3
1
4
17
4
11
0
14
1
4
3
4
0
10
6
3
2
3
6
10
7
0
3
2
6
6
5
8
1
5
5
7
4
4
10
4
4
6
0
4
1
0
2
9
6
10
1
7
4
3
18
7
9
7
3
14
8
4
8
4
2
10
2
2
0
7
9
9
13
6
7
5
6
135
93
2
0
3
3
4
7
6
4
7
5
5
6
2
6
9
10
0
2
0
5
2
4
4
11
9
191
49
1
5
1
3
4
2
1
6
27
49
4
0
2
5
5
7
3
4
5
8
6
9
4
3
0
6
4
6
9
9
17
9
8
4
4
3
5
3
21
16
28
11
11
15
16
16
3
4
3
3
4
5
9
6
5
6
0
4
7
16
9
13
7
4
18
13
3
2
7
10
7
5
1
9
1
3
8
7
22
15
11
5
110
99
9
5
9
3
3
5
5
7
3
3
10
6
3
141
358
23
7
2
1
11
5
4
5
5
4
8
3
3
1
6
7
9
3
8
6
5
4
3
8
3
0
11
9
7
9
5
4
8
8
4
2
2
16
11
7
1
5
4
7
13
11
10
5
3
5
8
9
7
3
6
3
6
1
7
9
20
10
3
4
6
5
4
7
5
11
3
5
6
5
4
27
34
5
5
30
5
4
1
21
4
10
4
19
13
17
4
5
2
4
0
12
25
7
12
5
23
6
7
5
14
3
3
6
9
4
4
1
5
7
7
6
0
11
8
12
6
8
1
6
4
5
4
24
9
6
1
5
19
16
9
8
3
6
3
9
4
8
3
6
6
8
4
5
8
14
7
4
3
0
6
2
9
6
3
4
82
7
8
4
1
2
28
5
3
3
4
13
4
6
14
5
5
6
11
14
10
4
9
3
21
10
2
10
1
2
3
10
5
8
1
9
1
5
8
4
3
9
6
9
11
11
2
6
27
1
26
5
26
17
12
8
35
7
13
20
19
14
90
42
29
2
9
8
9
8
6
7
7
3
6
3
6
3
5
17
10
9
6
2
7
3
3
4
2
1
6
7
10
7
4
8
11
2
4
6
4
10
4
6
0
4
4
7
5
3
10
7
4
12
13
6
16
6
4
11
5
8
3
38
7
4
3
5
7
5
22
0
16
7
12
12
5
8
8
10
10
10
9
15
3
12
6
31
12
12
17
3
7
7
4
6
3
4
11
9
6
5
4
7
19
11
6
5
7
2
5
3
4
5
4
5
6
8
4
6
6
4
4
6
16
17
6
26
41
24
1
6
6
4
3
36
8
8
33
11
13
17
7
19
10
18
5
11
4
23
84
72
18
6
11
13
5
20
11
54
54
30
19
7
9
4
10
12
15
26
25
4
2
3
9
5
9
6
4
20
5
12
12
12
6
5
12
11
9
11
14
7
11
5
6
12
57
12
9
6
12
2
11
6
7
6
12
19
11
7
13
6
2
3
2
11
11
10
7
15
5
23
10
4
8
12
13
21
13
13
9
8
8
3
3
4
3
11
6
11
15
6
9
11
6
8
6
3
1
6
1
2
9
18
13
10
5
9
2
6
9
7
6
12
3
8
12
3
19
4
4
7
11
16
12
4
9
6
4
2
4
1
5
5
9
6
9
5
0
8
10
4
7
11
17
2
27
58
44
1
9
8
7
0
19
32
160
42
126
13
8
5
166
10
4
3
5
6
7
3
4
2
8
5
3
6
42
51
8
2
14
10
15
9
8
6
2
3
1
27
6
10
3
66
5
16
10
7
6
8
15
15
13
6
3
12
37
7
7
5
8
13
6
6
10
5
13
2
11
2
42
17
60
6
6
7
126
7
3
4
26
5
4
9
168
179
25
6
16
8
2
12
0
7
10
7
12
21
47
3
2
7
8
17
2
4
3
28
10
49
4
8
3
2
10
3
141
161
246
173
27
37
20
10
17
20
160
133
5
2
2
13
54
7
4
3
2
24
4
5
4
1
22
9
46
16
16
2
7
73
4
1
7
5
10
13
6
4
6
6
6
6
9
7
2
7
2
4
1
8
5
5
16
5
3
10
16
4
11
6
1
3
5
7
9
6
2
12
8
5
4
35
94
138
11
4
7
10
4
0
7
0
10
5
10
2
2
0
8
1
4
4
3
1
2
5
6
6
4
1
8
7
4
5
2
8
8
4
2
3
3
7
3
4
3
5
12
8
4
6
4
3
6
11
2
2
4
9
3
5
8
4
2
6
5
7
8
10
12
102
15
3
5
8
1
11
3
4
1
3
1
7
7
2
7
9
3
8
6
7
0
5
5
1
5
4
8
5
2
5
2
0
5
2
11
6
6
4
2
3
16
13
12
7
3
13
9
3
5
4
6
4
11
149
128
12
2
6
5
0
3
5
6
2
7
4
2
3
11
5
4
5
5
1
6
1
12
4
6
0
4
185
472
65
12
40
4
3
5
4
3
5
8
4
7
5
5
8
7
3
6
0
5
7
7
5
3
3
6
4
8
6
99
137
15
4
5
5
6
11
116
40
13
45
88
3
5
7
8
9
3
8
143
131
14
8
10
4
21
13
7
5
5
10
11
1
5
2
6
9
9
8
1
4
8
4
11
7
4
7
3
8
6
8
7
13
6
3
4
2
1
8
10
2
10
8
9
4
5
6
8
10
6
3
13
15
4
14
5
6
9
11
9
15
12
5
1
8
135
127
14
4
7
1
3
5
5
4
17
11
7
10
1
5
4
9
7
6
5
5
11
8
4
13
3
9
7
9
8
4
21
90
10
7
7
3
1
4
4
13
6
3
0
2
1
5
4
11
6
4
1
4
15
6
8
10
8
177
66
73
6
2
6
6
8
2
9
1
5
4
7
1
6
4
138
14
6
10
3
7
4
5
7
3
11
7
1
4
1
5
1
10
4
7
0
4
6
11
6
3
2
6
4
4
7
9
7
14
5
6
2
2
3
2
3
7
2
5
5
9
6
5
5
6
7
5
5
